1.0	0.0	1.0	0.0	0.0	2.0	1.0	2	1	1	0	1	1	2	2	000-0.png
2.0	0.0	2.0	2.0	2.0	0.0	1.0	2	2	1	2	1	0	0	0	000-1.png
1.0	0.0	2.0	2.0	2.0	2.0	1.0	2	2	1	2	1	0	0	0	000-10.png
2.0	0.0	2.0	2.0	2.0	2.0	6.0	2	2	1	2	0	0	0	0	000-11.png
2.0	0.0	2.0	2.0	2.0	2.0	1.0	2	2	1	2	1	0	0	0	000-12.png
2.0	0.0	2.0	2.0	2.0	2.0	1.0	2	2	1	2	1	0	0	0	000-13.png
0.0	0.0	2.0	0.0	2.0	2.0	1.0	0	2	1	0	1	1	0	2	000-14.png
2.0	0.0	2.0	0.0	2.0	2.0	1.0	2	2	1	0	1	1	0	2	000-15.png
2.0	0.0	2.0	0.0	2.0	2.0	6.0	2	2	1	0	0	1	0	2	000-16.png
2.0	0.0	2.0	0.0	2.0	2.0	1.0	2	2	1	0	1	1	0	2	000-17.png
2.0	0.0	2.0	0.0	2.0	2.0	1.0	2	2	1	0	1	1	0	2	000-18.png
1.0	0.0	2.0	0.0	2.0	2.0	1.0	2	2	1	0	1	1	0	2	000-19.png
2.0	0.0	2.0	2.0	2.0	0.0	1.0	2	2	1	2	1	0	0	0	000-2.png
2.0	0.0	2.0	2.0	2.0	2.0	1.0	2	2	1	2	1	0	0	0	000-20.png
1.0	0.0	2.0	0.0	2.0	2.0	1.0	2	2	1	0	1	1	0	2	000-21.png
1.0	0.0	2.0	0.0	2.0	2.0	1.0	2	2	1	0	1	1	0	2	000-22.png
1.0	0.0	2.0	0.0	2.0	2.0	1.0	2	2	1	0	1	1	0	2	000-23.png
1.0	0.0	2.0	0.0	2.0	2.0	1.0	2	2	1	0	1	1	0	2	000-24.png
2.0	0.0	2.0	0.0	2.0	2.0	1.0	2	2	1	0	1	1	0	2	000-25.png
2.0	0.0	2.0	0.0	2.0	2.0	1.0	2	2	1	0	1	1	0	2	000-26.png
1.0	0.0	2.0	0.0	2.0	2.0	1.0	2	2	1	0	1	1	0	2	000-27.png
2.0	0.0	2.0	0.0	2.0	2.0	1.0	2	2	1	0	1	1	0	2	000-28.png
2.0	1.0	2.0	2.0	2.0	2.0	6.0	2	2	0	2	2	0	0	0	000-29.png
1.0	0.0	2.0	2.0	2.0	2.0	1.0	2	2	1	2	1	0	0	0	000-3.png
2.0	0.0	1.0	0.0	0.0	0.0	1.0	2	1	1	0	1	1	2	2	000-30.png
1.0	0.0	1.0	0.0	2.0	2.0	0.0	0	1	1	0	1	1	0	2	000-31.png
2.0	0.0	2.0	0.0	2.0	2.0	1.0	2	2	1	0	1	1	0	2	000-32.png
2.0	0.0	1.0	0.0	0.0	2.0	1.0	2	1	1	0	1	1	2	2	000-33.png
2.0	0.0	2.0	2.0	0.0	2.0	0.0	0	2	1	0	1	0	0	2	000-34.png
1.0	0.0	2.0	0.0	2.0	2.0	1.0	2	2	1	0	1	1	0	2	000-35.png
2.0	0.0	2.0	0.0	0.0	2.0	1.0	2	2	1	0	1	1	0	2	000-36.png
2.0	0.0	1.0	0.0	0.0	2.0	0.0	0	1	1	0	1	1	2	2	000-37.png
1.0	0.0	1.0	0.0	0.0	2.0	1.0	2	1	1	0	1	1	2	2	000-38.png
1.0	0.0	1.0	0.0	0.0	2.0	1.0	2	1	1	0	1	1	2	2	000-39.png
2.0	1.0	0.0	2.0	2.0	2.0	1.0	2	2	0	2	1	0	1	0	000-4.png
1.0	0.0	1.0	0.0	2.0	2.0	0.0	0	1	1	0	1	1	0	2	000-40.png
0.0	0.0	1.0	0.0	0.0	2.0	1.0	0	1	1	0	1	1	2	2	000-41.png
2.0	0.0	1.0	0.0	2.0	2.0	1.0	2	1	1	0	1	1	0	2	000-42.png
2.0	0.0	1.0	0.0	2.0	2.0	0.0	0	1	1	0	1	1	0	2	000-43.png
2.0	0.0	1.0	0.0	2.0	2.0	1.0	2	1	1	0	1	1	0	2	000-44.png
2.0	0.0	1.0	0.0	0.0	1.0	1.0	2	1	1	0	1	1	2	2	000-45.png
1.0	0.0	1.0	0.0	0.0	2.0	1.0	2	1	1	0	1	1	2	2	000-46.png
0.0	0.0	1.0	0.0	0.0	2.0	1.0	0	1	1	0	1	1	2	2	000-47.png
0.0	0.0	1.0	0.0	2.0	2.0	1.0	0	1	1	0	1	1	0	2	000-48.png
2.0	0.0	1.0	0.0	0.0	2.0	1.0	2	1	1	0	1	1	2	2	000-49.png
1.0	1.0	2.0	2.0	2.0	2.0	1.0	2	2	0	2	1	0	0	0	000-5.png
2.0	0.0	1.0	0.0	2.0	1.0	1.0	2	1	1	0	1	1	0	2	000-50.png
0.0	0.0	1.0	0.0	0.0	1.0	0.0	0	1	1	0	1	1	2	2	000-51.png
2.0	0.0	1.0	0.0	2.0	1.0	0.0	0	1	1	0	1	1	0	2	000-52.png
2.0	0.0	1.0	0.0	0.0	1.0	1.0	2	1	1	0	1	1	2	2	000-53.png
0.0	0.0	1.0	0.0	0.0	1.0	0.0	0	1	1	0	1	1	2	2	000-54.png
1.0	0.0	1.0	0.0	0.0	1.0	0.0	0	1	1	0	1	1	2	2	000-55.png
2.0	0.0	1.0	0.0	0.0	1.0	1.0	2	1	1	0	1	1	2	2	000-56.png
2.0	0.0	2.0	0.0	2.0	1.0	1.0	2	1	1	0	1	1	0	2	000-57.png
0.0	0.0	1.0	0.0	0.0	2.0	1.0	0	1	1	0	1	1	2	2	000-58.png
2.0	0.0	2.0	2.0	2.0	2.0	1.0	2	2	1	2	1	0	0	0	000-6.png
1.0	0.0	2.0	2.0	2.0	2.0	1.0	2	2	1	2	1	0	0	0	000-7.png
2.0	0.0	2.0	0.0	2.0	2.0	1.0	2	2	1	0	1	1	0	2	000-8.png
1.0	0.0	2.0	2.0	2.0	2.0	1.0	2	2	1	2	1	0	0	0	000-9.png
2.0	0.0	2.0	0.0	0.0	1.0	1.0	2	1	1	0	1	1	0	2	001-0.png
2.0	0.0	1.0	0.0	2.0	1.0	1.0	2	1	1	0	1	1	0	2	001-1.png
2.0	0.0	1.0	0.0	0.0	0.0	4.0	2	1	1	0	1	1	2	2	002-0.png
2.0	0.0	0.0	2.0	2.0	2.0	2.0	2	2	1	2	1	0	1	0	003-0.png
0.0	0.0	0.0	2.0	1.0	1.0	2.0	0	1	1	1	1	0	1	0	003-1.png
1.0	0.0	1.0	0.0	2.0	1.0	3.0	2	1	1	0	1	1	0	2	004-0.png
0.0	1.0	0.0	2.0	1.0	2.0	6.0	0	2	0	1	2	0	1	0	005-0.png
2.0	1.0	0.0	2.0	1.0	2.0	6.0	2	2	0	1	2	0	1	0	005-1.png
2.0	1.0	0.0	1.0	1.0	2.0	2.0	2	2	0	1	1	2	1	1	006-0.png
0.0	1.0	2.0	2.0	2.0	2.0	1.0	0	2	0	2	1	0	0	0	007-0.png
2.0	1.0	0.0	2.0	2.0	2.0	1.0	2	2	0	2	1	0	1	0	007-1.png
0.0	0.0	2.0	2.0	2.0	1.0	3.0	0	1	1	2	1	0	0	0	008-0.png
2.0	0.0	2.0	2.0	1.0	1.0	3.0	2	1	1	1	1	0	0	0	008-1.png
2.0	0.0	2.0	0.0	2.0	2.0	3.0	2	2	1	0	1	1	0	2	009-0.png
2.0	0.0	2.0	0.0	2.0	2.0	2.0	2	2	1	0	1	1	0	2	009-1.png
2.0	0.0	2.0	2.0	2.0	0.0	5.0	1	2	1	2	1	0	0	0	010-0.png
2.0	0.0	2.0	2.0	2.0	0.0	6.0	2	2	1	2	0	0	0	0	010-1.png
0.0	0.0	2.0	0.0	2.0	1.0	6.0	0	1	1	0	0	1	0	2	011-0.png
0.0	0.0	2.0	2.0	0.0	1.0	6.0	0	1	1	0	0	0	0	2	011-1.png
2.0	1.0	2.0	2.0	0.0	2.0	2.0	2	2	0	0	1	0	0	2	012-0.png
2.0	0.0	2.0	2.0	2.0	2.0	3.0	2	2	1	2	1	0	0	0	012-1.png
2.0	0.0	0.0	2.0	1.0	2.0	3.0	2	2	1	1	1	0	1	0	014-0.png
2.0	1.0	0.0	1.0	1.0	2.0	3.0	2	2	0	1	1	2	1	1	014-1.png
0.0	0.0	0.0	2.0	2.0	1.0	3.0	0	1	1	2	1	0	1	0	015-0.png
2.0	1.0	2.0	2.0	0.0	2.0	2.0	2	2	0	0	1	0	0	2	016-0.png
2.0	1.0	0.0	2.0	0.0	2.0	2.0	2	2	0	0	1	0	1	2	016-1.png
0.0	1.0	0.0	2.0	2.0	2.0	2.0	0	2	0	2	1	0	1	0	016-2.png
2.0	0.0	0.0	2.0	1.0	0.0	2.0	2	0	1	1	1	0	1	0	017-0.png
1.0	1.0	0.0	1.0	1.0	0.0	2.0	2	0	0	1	1	2	1	1	017-1.png
2.0	0.0	0.0	1.0	1.0	0.0	2.0	2	0	1	1	1	2	1	1	017-2.png
2.0	0.0	2.0	0.0	2.0	1.0	2.0	2	1	1	0	1	1	0	2	018-0.png
2.0	1.0	2.0	2.0	2.0	1.0	2.0	2	1	0	2	1	0	0	0	018-1.png
0.0	1.0	0.0	2.0	1.0	0.0	3.0	0	0	0	1	1	0	1	0	019-0.png
0.0	1.0	0.0	2.0	1.0	0.0	3.0	0	0	0	1	1	0	1	0	019-1.png
0.0	1.0	0.0	2.0	1.0	0.0	3.0	0	0	0	1	1	0	1	0	019-2.png
2.0	0.0	2.0	0.0	2.0	2.0	1.0	2	2	1	0	1	1	0	2	020-0.png
2.0	1.0	2.0	2.0	1.0	1.0	4.0	2	1	0	1	1	0	0	0	021-0.png
0.0	0.0	2.0	2.0	1.0	2.0	3.0	0	2	1	1	1	0	0	0	022-0.png
0.0	1.0	2.0	0.0	2.0	2.0	3.0	0	2	0	0	1	1	0	2	023-0.png
0.0	0.0	0.0	2.0	2.0	2.0	5.0	0	2	1	2	1	0	1	0	024-0.png
1.0	0.0	1.0	0.0	2.0	1.0	2.0	2	1	1	0	1	1	0	2	025-0.png
1.0	0.0	1.0	0.0	2.0	1.0	2.0	2	1	1	0	1	1	0	2	025-1.png
2.0	0.0	1.0	0.0	2.0	1.0	2.0	2	1	1	0	1	1	0	2	025-2.png
1.0	0.0	2.0	0.0	2.0	1.0	2.0	2	1	1	0	1	1	0	2	025-3.png
1.0	0.0	1.0	0.0	2.0	1.0	2.0	2	1	1	0	1	1	0	2	025-4.png
2.0	1.0	2.0	2.0	1.0	0.0	2.0	2	2	0	1	1	0	0	0	026-0.png
2.0	0.0	2.0	2.0	1.0	0.0	3.0	2	2	1	1	1	0	0	0	026-1.png
0.0	0.0	0.0	2.0	1.0	0.0	2.0	0	0	1	1	1	0	1	0	026-2.png
1.0	1.0	0.0	2.0	1.0	0.0	2.0	2	0	0	1	1	0	1	0	026-3.png
2.0	0.0	0.0	2.0	1.0	0.0	2.0	2	0	1	1	1	0	1	0	026-4.png
2.0	0.0	1.0	0.0	2.0	1.0	1.0	2	1	1	0	1	1	0	2	027-0.png
2.0	0.0	2.0	2.0	1.0	1.0	3.0	2	1	1	1	1	0	0	0	028-0.png
2.0	0.0	2.0	2.0	2.0	1.0	6.0	2	1	1	2	0	0	0	0	029-0.png
2.0	0.0	0.0	2.0	2.0	1.0	6.0	2	1	1	2	0	0	1	0	030-0.png
0.0	0.0	0.0	1.0	1.0	1.0	2.0	0	1	1	1	1	2	1	1	031-0.png
0.0	0.0	2.0	2.0	2.0	2.0	6.0	0	2	1	2	0	0	0	0	032-0.png
2.0	0.0	2.0	2.0	1.0	0.0	5.0	1	2	1	1	1	0	0	0	033-0.png
0.0	0.0	1.0	0.0	2.0	1.0	2.0	0	1	1	0	1	1	0	2	034-0.png
2.0	0.0	2.0	0.0	2.0	0.0	6.0	2	2	1	0	0	1	0	2	035-0.png
2.0	0.0	2.0	2.0	2.0	2.0	1.0	2	2	1	2	1	0	0	0	036-0.png
2.0	0.0	2.0	0.0	2.0	1.0	2.0	2	1	1	0	1	1	0	2	037-0.png
1.0	0.0	1.0	0.0	0.0	1.0	2.0	2	1	1	0	1	1	2	2	037-1.png
2.0	1.0	2.0	0.0	2.0	1.0	2.0	2	1	0	0	1	1	0	2	037-2.png
1.0	0.0	2.0	0.0	2.0	1.0	2.0	2	1	1	0	1	1	0	2	037-3.png
1.0	0.0	2.0	0.0	2.0	1.0	2.0	2	1	1	0	1	1	0	2	037-4.png
2.0	1.0	0.0	2.0	1.0	1.0	6.0	2	1	0	1	2	0	1	0	038-0.png
0.0	1.0	2.0	2.0	2.0	1.0	4.0	0	1	0	2	1	0	0	0	039-0.png
2.0	0.0	2.0	2.0	1.0	2.0	4.0	2	2	1	1	1	0	0	0	040-0.png
2.0	0.0	0.0	2.0	1.0	2.0	4.0	2	2	1	1	1	0	1	0	041-0.png
0.0	1.0	2.0	0.0	2.0	0.0	6.0	0	2	0	0	2	1	0	2	042-0.png
0.0	1.0	0.0	2.0	1.0	2.0	3.0	0	2	0	1	1	0	1	0	043-0.png
0.0	0.0	2.0	2.0	1.0	1.0	3.0	0	1	1	1	1	0	0	0	044-0.png
2.0	0.0	0.0	1.0	2.0	0.0	3.0	2	0	1	1	1	2	1	1	045-0.png
2.0	1.0	1.0	0.0	2.0	2.0	2.0	2	1	2	0	1	1	0	2	046-0.png
0.0	1.0	0.0	2.0	2.0	1.0	6.0	0	1	0	2	2	0	1	0	047-0.png
0.0	0.0	2.0	0.0	2.0	0.0	0.0	0	2	1	0	1	1	0	2	048-0.png
2.0	1.0	2.0	0.0	2.0	0.0	6.0	2	2	0	0	2	1	0	2	049-0.png
0.0	0.0	2.0	2.0	1.0	2.0	1.0	0	2	1	1	1	0	0	0	050-0.png
1.0	0.0	0.0	2.0	1.0	0.0	3.0	2	0	1	1	1	0	1	0	051-0.png
2.0	1.0	0.0	2.0	1.0	0.0	5.0	1	0	0	1	1	0	1	0	052-0.png
2.0	0.0	0.0	1.0	1.0	0.0	1.0	2	0	1	1	1	2	1	1	053-0.png
2.0	1.0	0.0	2.0	1.0	2.0	1.0	2	2	0	1	1	0	1	0	054-0.png
0.0	0.0	1.0	0.0	1.0	1.0	4.0	0	1	1	1	1	1	0	2	055-0.png
2.0	1.0	0.0	2.0	1.0	1.0	1.0	2	1	0	1	1	0	1	0	056-0.png
0.0	0.0	0.0	2.0	1.0	0.0	1.0	0	0	1	1	1	0	1	0	058-0.png
0.0	0.0	0.0	2.0	1.0	0.0	1.0	0	0	1	1	1	0	1	0	058-1.png
0.0	1.0	0.0	2.0	1.0	0.0	1.0	0	0	0	1	1	0	1	0	058-2.png
0.0	1.0	0.0	1.0	1.0	0.0	1.0	0	0	0	1	1	2	1	1	058-3.png
0.0	0.0	0.0	2.0	1.0	0.0	2.0	0	0	1	1	1	0	1	0	059-0.png
0.0	0.0	0.0	2.0	1.0	0.0	2.0	0	0	1	1	1	0	1	0	059-1.png
2.0	0.0	0.0	1.0	1.0	0.0	2.0	2	0	1	1	1	2	1	1	059-2.png
0.0	0.0	0.0	2.0	1.0	0.0	2.0	0	0	1	1	1	0	1	0	059-3.png
0.0	0.0	2.0	0.0	2.0	2.0	2.0	0	2	1	0	1	1	0	2	060-0.png
0.0	0.0	1.0	0.0	2.0	2.0	2.0	0	1	1	0	1	1	0	2	060-1.png
2.0	0.0	2.0	0.0	2.0	2.0	2.0	2	2	1	0	1	1	0	2	060-2.png
0.0	0.0	1.0	0.0	2.0	2.0	2.0	0	1	1	0	1	1	0	2	060-3.png
0.0	0.0	0.0	2.0	1.0	2.0	2.0	0	2	1	1	1	0	1	0	061-0.png
0.0	1.0	0.0	2.0	2.0	2.0	2.0	0	2	0	2	1	0	1	0	061-1.png
2.0	1.0	2.0	2.0	2.0	2.0	2.0	2	2	0	2	1	0	0	0	061-2.png
2.0	1.0	2.0	2.0	0.0	2.0	2.0	2	2	0	0	1	0	0	2	061-3.png
1.0	1.0	2.0	0.0	0.0	1.0	2.0	2	1	0	0	1	1	0	2	062-0.png
0.0	0.0	1.0	0.0	0.0	1.0	2.0	0	1	1	0	1	1	2	2	062-1.png
2.0	0.0	1.0	0.0	0.0	1.0	6.0	2	1	1	0	0	1	2	2	062-2.png
0.0	0.0	2.0	0.0	0.0	2.0	6.0	0	2	1	0	0	1	0	2	063-0.png
0.0	0.0	2.0	0.0	2.0	2.0	6.0	0	2	1	0	0	1	0	2	063-1.png
0.0	0.0	2.0	0.0	2.0	2.0	6.0	0	2	1	0	0	1	0	2	063-2.png
0.0	0.0	2.0	0.0	2.0	2.0	2.0	0	2	1	0	1	1	0	2	064-0.png
1.0	1.0	2.0	0.0	2.0	2.0	2.0	2	2	0	0	1	1	0	2	064-1.png
2.0	1.0	2.0	0.0	2.0	2.0	2.0	2	2	0	0	1	1	0	2	064-2.png
2.0	1.0	2.0	0.0	2.0	2.0	6.0	2	2	0	0	2	1	0	2	064-3.png
2.0	0.0	2.0	2.0	2.0	1.0	5.0	1	1	1	2	1	0	0	0	065-0.png
0.0	0.0	2.0	2.0	1.0	1.0	1.0	0	1	1	1	1	0	0	0	065-1.png
0.0	1.0	2.0	0.0	0.0	1.0	2.0	0	1	0	0	1	1	0	2	066-0.png
0.0	1.0	2.0	0.0	0.0	1.0	3.0	0	1	0	0	1	1	0	2	066-1.png
0.0	0.0	2.0	2.0	2.0	2.0	1.0	0	2	1	2	1	0	0	0	067-0.png
2.0	1.0	0.0	2.0	1.0	0.0	2.0	2	0	0	1	1	0	1	0	068-0.png
2.0	1.0	1.0	0.0	1.0	2.0	1.0	2	1	2	1	1	1	0	2	069-0.png
2.0	1.0	2.0	0.0	2.0	2.0	3.0	2	2	0	0	1	1	0	2	070-0.png
2.0	1.0	0.0	2.0	1.0	0.0	4.0	2	0	0	1	1	0	1	0	071-0.png
0.0	0.0	1.0	0.0	2.0	1.0	3.0	0	1	1	0	1	1	0	2	072-0.png
2.0	1.0	0.0	1.0	1.0	0.0	4.0	2	0	0	1	1	2	1	1	073-0.png
0.0	1.0	0.0	2.0	1.0	0.0	2.0	0	0	0	1	1	0	1	0	074-0.png
0.0	0.0	2.0	2.0	1.0	0.0	5.0	0	2	1	1	1	0	0	0	075-0.png
0.0	0.0	1.0	0.0	2.0	2.0	3.0	0	1	1	0	1	1	0	2	076-0.png
0.0	0.0	2.0	0.0	2.0	1.0	2.0	0	1	1	0	1	1	0	2	077-0.png
1.0	1.0	0.0	1.0	1.0	0.0	3.0	2	0	0	1	1	2	1	1	078-0.png
0.0	1.0	0.0	2.0	2.0	1.0	6.0	0	1	0	2	2	0	1	0	079-0.png
2.0	1.0	0.0	2.0	2.0	1.0	3.0	2	1	0	2	1	0	1	0	080-0.png
0.0	1.0	2.0	2.0	1.0	2.0	3.0	0	2	0	1	1	0	0	0	081-0.png
1.0	1.0	2.0	2.0	1.0	1.0	6.0	2	1	0	1	2	0	0	0	081-1.png
2.0	0.0	0.0	2.0	1.0	2.0	3.0	2	2	1	1	1	0	1	0	082-0.png
0.0	0.0	2.0	2.0	0.0	2.0	6.0	0	2	1	0	0	0	0	2	083-0.png
0.0	0.0	0.0	2.0	2.0	2.0	2.0	0	2	1	2	1	0	1	0	084-0.png
0.0	1.0	0.0	2.0	2.0	1.0	2.0	0	1	0	2	1	0	1	0	084-1.png
0.0	0.0	1.0	0.0	2.0	2.0	6.0	0	1	1	0	0	1	0	2	085-0.png
0.0	0.0	1.0	0.0	0.0	2.0	6.0	0	1	1	0	0	1	2	2	085-1.png
0.0	0.0	1.0	0.0	0.0	2.0	6.0	0	1	1	0	0	1	2	2	085-2.png
0.0	0.0	1.0	0.0	0.0	2.0	6.0	0	1	1	0	0	1	2	2	085-3.png
0.0	0.0	1.0	0.0	0.0	2.0	6.0	0	1	1	0	0	1	2	2	085-4.png
0.0	0.0	1.0	0.0	0.0	2.0	6.0	0	1	1	0	0	1	2	2	085-5.png
0.0	1.0	2.0	2.0	2.0	2.0	3.0	0	2	0	2	1	0	0	0	086-0.png
2.0	0.0	1.0	0.0	0.0	1.0	2.0	2	1	1	0	1	1	2	2	087-0.png
2.0	0.0	1.0	0.0	0.0	1.0	3.0	2	1	1	0	1	1	2	2	087-1.png
2.0	0.0	1.0	0.0	0.0	1.0	3.0	2	1	1	0	1	1	2	2	087-2.png
2.0	0.0	0.0	2.0	2.0	2.0	2.0	2	2	1	2	1	0	1	0	088-0.png
0.0	1.0	0.0	2.0	1.0	2.0	2.0	0	2	0	1	1	0	1	0	088-1.png
2.0	1.0	0.0	2.0	1.0	2.0	2.0	2	2	0	1	1	0	1	0	088-2.png
2.0	1.0	2.0	2.0	1.0	2.0	3.0	2	2	0	1	1	0	0	0	089-0.png
0.0	1.0	0.0	2.0	1.0	2.0	3.0	0	2	0	1	1	0	1	0	089-1.png
2.0	1.0	2.0	2.0	1.0	2.0	3.0	2	2	0	1	1	0	0	0	089-2.png
0.0	0.0	2.0	0.0	2.0	1.0	2.0	0	1	1	0	1	1	0	2	090-0.png
2.0	0.0	1.0	0.0	2.0	1.0	2.0	2	1	1	0	1	1	0	2	090-1.png
2.0	0.0	2.0	0.0	2.0	1.0	6.0	2	1	1	0	0	1	0	2	090-2.png
2.0	0.0	1.0	0.0	0.0	0.0	6.0	2	1	1	0	0	1	2	2	091-0.png
2.0	0.0	1.0	0.0	2.0	0.0	1.0	2	1	1	0	1	1	0	2	091-2.png
0.0	1.0	2.0	2.0	1.0	2.0	6.0	0	2	0	1	2	0	0	0	092-0.png
0.0	1.0	2.0	2.0	2.0	2.0	2.0	0	2	0	2	1	0	0	0	092-1.png
2.0	1.0	2.0	2.0	2.0	0.0	2.0	2	2	0	2	1	0	0	0	092-2.png
2.0	0.0	0.0	2.0	1.0	0.0	4.0	2	0	1	1	1	0	1	0	093-0.png
2.0	1.0	0.0	2.0	1.0	0.0	4.0	2	0	0	1	1	0	1	0	093-1.png
2.0	0.0	0.0	2.0	1.0	0.0	4.0	2	0	1	1	1	0	1	0	093-2.png
0.0	1.0	0.0	2.0	1.0	2.0	6.0	0	2	0	1	2	0	1	0	094-0.png
0.0	0.0	0.0	2.0	2.0	2.0	6.0	0	2	1	2	0	0	1	0	094-1.png
2.0	0.0	0.0	2.0	2.0	2.0	6.0	2	2	1	2	0	0	1	0	094-2.png
2.0	0.0	2.0	2.0	2.0	1.0	4.0	2	1	1	2	1	0	0	0	095-0.png
1.0	1.0	2.0	0.0	2.0	2.0	4.0	2	2	0	0	1	1	0	2	095-1.png
0.0	1.0	0.0	2.0	1.0	2.0	2.0	0	2	0	1	1	0	1	0	096-0.png
0.0	0.0	2.0	2.0	2.0	0.0	6.0	0	2	1	2	0	0	0	0	097-0.png
0.0	0.0	2.0	0.0	2.0	1.0	3.0	0	1	1	0	1	1	0	2	098-0.png
0.0	1.0	1.0	0.0	0.0	1.0	4.0	0	1	2	0	1	1	2	2	099-0.png
0.0	0.0	2.0	0.0	2.0	0.0	1.0	0	2	1	0	1	1	0	2	100-0.png
2.0	0.0	2.0	2.0	1.0	0.0	5.0	1	2	1	1	1	0	0	0	102-0.png
0.0	0.0	2.0	2.0	1.0	0.0	5.0	0	2	1	1	1	0	0	0	102-1.png
0.0	0.0	2.0	0.0	2.0	1.0	5.0	0	1	1	0	1	1	0	2	103-0.png
0.0	0.0	2.0	0.0	1.0	1.0	3.0	0	1	1	1	1	1	0	2	104-0.png
0.0	1.0	0.0	1.0	1.0	1.0	2.0	0	1	0	1	1	2	1	1	105-0.png
0.0	0.0	2.0	0.0	2.0	1.0	2.0	0	1	1	0	1	1	0	2	106-0.png
0.0	0.0	2.0	0.0	1.0	2.0	1.0	0	2	1	1	1	1	0	2	107-0.png
0.0	0.0	1.0	0.0	2.0	2.0	1.0	0	1	1	0	1	1	0	2	107-1.png
0.0	0.0	1.0	0.0	2.0	2.0	1.0	0	1	1	0	1	1	0	2	107-2.png
2.0	0.0	1.0	0.0	2.0	2.0	1.0	2	1	1	0	1	1	0	2	107-3.png
0.0	1.0	0.0	2.0	1.0	0.0	6.0	0	0	0	1	2	0	1	0	108-0.png
2.0	0.0	0.0	2.0	1.0	0.0	2.0	2	0	1	1	1	0	1	0	108-1.png
0.0	0.0	0.0	2.0	1.0	0.0	2.0	0	0	1	1	1	0	1	0	108-2.png
0.0	0.0	0.0	2.0	1.0	0.0	2.0	0	0	1	1	1	0	1	0	108-3.png
0.0	0.0	2.0	0.0	2.0	1.0	6.0	0	1	1	0	0	1	0	2	109-0.png
0.0	0.0	2.0	2.0	2.0	2.0	6.0	0	2	1	2	0	0	0	0	109-1.png
2.0	0.0	2.0	0.0	2.0	1.0	6.0	2	1	1	0	0	1	0	2	109-2.png
2.0	0.0	1.0	0.0	2.0	2.0	6.0	2	1	1	0	0	1	0	2	109-3.png
2.0	0.0	1.0	0.0	0.0	2.0	5.0	1	1	1	0	1	1	2	2	110-0.png
2.0	1.0	2.0	0.0	2.0	2.0	6.0	2	2	0	0	2	1	0	2	110-1.png
1.0	0.0	2.0	0.0	0.0	2.0	6.0	2	2	1	0	0	1	0	2	110-2.png
2.0	0.0	1.0	0.0	0.0	2.0	6.0	2	1	1	0	0	1	2	2	110-3.png
0.0	1.0	0.0	2.0	1.0	0.0	6.0	0	0	0	1	2	0	1	0	111-0.png
2.0	1.0	2.0	2.0	1.0	0.0	6.0	2	2	0	1	2	0	0	0	111-1.png
2.0	0.0	2.0	2.0	1.0	0.0	6.0	2	2	1	1	0	0	0	0	111-2.png
0.0	0.0	2.0	2.0	2.0	0.0	6.0	0	2	1	2	0	0	0	0	111-3.png
0.0	1.0	2.0	2.0	2.0	2.0	6.0	0	2	0	2	2	0	0	0	112-0.png
2.0	0.0	2.0	2.0	2.0	2.0	6.0	2	2	1	2	0	0	0	0	112-1.png
0.0	0.0	2.0	0.0	2.0	2.0	6.0	0	2	1	0	0	1	0	2	112-2.png
2.0	1.0	2.0	2.0	2.0	2.0	5.0	1	2	0	2	1	0	0	0	112-3.png
2.0	0.0	2.0	0.0	2.0	2.0	6.0	2	2	1	0	0	1	0	2	113-0.png
0.0	0.0	2.0	0.0	0.0	2.0	6.0	0	2	1	0	0	1	0	2	113-1.png
2.0	0.0	2.0	2.0	0.0	2.0	6.0	2	2	1	0	0	0	0	2	113-2.png
0.0	0.0	2.0	0.0	0.0	2.0	6.0	0	2	1	0	0	1	0	2	113-3.png
0.0	0.0	2.0	2.0	1.0	2.0	5.0	0	2	1	1	1	0	0	0	114-0.png
0.0	0.0	2.0	2.0	2.0	2.0	5.0	0	2	1	2	1	0	0	0	114-1.png
2.0	0.0	2.0	2.0	2.0	2.0	5.0	1	2	1	2	1	0	0	0	114-2.png
2.0	1.0	2.0	2.0	2.0	2.0	5.0	1	2	0	2	1	0	0	0	114-3.png
0.0	0.0	2.0	2.0	1.0	2.0	4.0	0	2	1	1	1	0	0	0	115-0.png
0.0	0.0	0.0	2.0	1.0	0.0	2.0	0	0	1	1	1	0	1	0	116-0.png
0.0	0.0	2.0	2.0	2.0	0.0	6.0	0	2	1	2	0	0	0	0	117-0.png
0.0	0.0	0.0	2.0	1.0	0.0	6.0	0	0	1	1	0	0	1	0	117-1.png
0.0	0.0	0.0	2.0	1.0	0.0	6.0	0	0	1	1	0	0	1	0	117-2.png
0.0	0.0	0.0	2.0	1.0	0.0	6.0	0	0	1	1	0	0	1	0	117-3.png
2.0	0.0	1.0	0.0	2.0	2.0	4.0	2	1	1	0	1	1	0	2	118-0.png
0.0	0.0	1.0	0.0	2.0	2.0	4.0	0	1	1	0	1	1	0	2	118-1.png
0.0	0.0	2.0	2.0	1.0	2.0	4.0	0	2	1	1	1	0	0	0	118-2.png
0.0	0.0	1.0	0.0	2.0	2.0	4.0	0	1	1	0	1	1	0	2	118-3.png
2.0	0.0	1.0	0.0	2.0	2.0	4.0	2	1	1	0	1	1	0	2	118-4.png
2.0	0.0	1.0	0.0	2.0	2.0	3.0	2	1	1	0	1	1	0	2	118-5.png
0.0	0.0	1.0	0.0	2.0	2.0	3.0	0	1	1	0	1	1	0	2	118-6.png
2.0	1.0	2.0	0.0	2.0	2.0	1.0	2	2	0	0	1	1	0	2	119-0.png
0.0	1.0	2.0	0.0	2.0	2.0	1.0	0	2	0	0	1	1	0	2	119-1.png
2.0	0.0	2.0	2.0	2.0	2.0	5.0	1	2	1	2	1	0	0	0	120-0.png
1.0	0.0	2.0	2.0	2.0	1.0	6.0	2	1	1	2	0	0	0	0	121-0.png
2.0	1.0	0.0	1.0	1.0	2.0	5.0	1	2	0	1	1	2	1	1	121-1.png
2.0	1.0	0.0	1.0	1.0	2.0	3.0	2	2	0	1	1	2	1	1	122-0.png
2.0	0.0	2.0	0.0	2.0	2.0	4.0	2	2	1	0	1	1	0	2	123-0.png
0.0	0.0	2.0	0.0	2.0	2.0	4.0	0	2	1	0	1	1	0	2	123-1.png
0.0	0.0	2.0	0.0	2.0	2.0	3.0	0	2	1	0	1	1	0	2	123-2.png
2.0	0.0	2.0	0.0	2.0	2.0	3.0	2	2	1	0	1	1	0	2	123-3.png
2.0	0.0	1.0	0.0	2.0	2.0	3.0	2	1	1	0	1	1	0	2	123-4.png
2.0	0.0	0.0	2.0	1.0	1.0	5.0	1	1	1	1	1	0	1	0	124-0.png
2.0	0.0	2.0	2.0	1.0	1.0	5.0	1	1	1	1	1	0	0	0	124-1.png
2.0	0.0	2.0	2.0	1.0	1.0	5.0	1	1	1	1	1	0	0	0	124-2.png
2.0	0.0	2.0	2.0	1.0	1.0	5.0	1	1	1	1	1	0	0	0	124-3.png
2.0	1.0	0.0	2.0	2.0	2.0	2.0	2	2	0	2	1	0	1	0	125-0.png
2.0	1.0	0.0	2.0	2.0	2.0	2.0	2	2	0	2	1	0	1	0	125-1.png
2.0	1.0	0.0	2.0	2.0	2.0	2.0	2	2	0	2	1	0	1	0	125-2.png
2.0	1.0	0.0	2.0	2.0	2.0	2.0	2	2	0	2	1	0	1	0	125-3.png
2.0	0.0	2.0	2.0	1.0	2.0	6.0	2	2	1	1	0	0	0	0	126-0.png
1.0	0.0	0.0	2.0	1.0	2.0	6.0	2	2	1	1	0	0	1	0	126-1.png
2.0	0.0	0.0	2.0	1.0	2.0	6.0	2	2	1	1	0	0	1	0	126-2.png
2.0	1.0	2.0	2.0	2.0	2.0	6.0	2	2	0	2	2	0	0	0	126-3.png
2.0	0.0	0.0	2.0	1.0	2.0	6.0	2	2	1	1	0	0	1	0	126-4.png
2.0	0.0	2.0	2.0	2.0	2.0	1.0	2	2	1	2	1	0	0	0	127-0.png
2.0	0.0	2.0	2.0	2.0	1.0	1.0	2	1	1	2	1	0	0	0	127-1.png
2.0	1.0	2.0	0.0	2.0	1.0	1.0	2	1	0	0	1	1	0	2	127-2.png
2.0	1.0	0.0	1.0	1.0	1.0	1.0	2	1	0	1	1	2	1	1	128-0.png
0.0	0.0	0.0	1.0	1.0	1.0	1.0	0	1	1	1	1	2	1	1	128-1.png
2.0	1.0	0.0	1.0	1.0	1.0	1.0	2	1	0	1	1	2	1	1	128-2.png
2.0	0.0	0.0	1.0	1.0	1.0	1.0	2	1	1	1	1	2	1	1	128-3.png
2.0	1.0	0.0	1.0	1.0	1.0	1.0	2	1	0	1	1	2	1	1	128-4.png
2.0	0.0	0.0	1.0	1.0	1.0	5.0	1	1	1	1	1	2	1	1	129-0.png
2.0	0.0	0.0	1.0	1.0	2.0	5.0	1	2	1	1	1	2	1	1	129-1.png
2.0	1.0	0.0	1.0	2.0	2.0	5.0	1	2	0	1	1	2	1	1	129-2.png
0.0	1.0	0.0	1.0	1.0	1.0	5.0	0	1	0	1	1	2	1	1	129-3.png
2.0	0.0	0.0	2.0	2.0	2.0	4.0	2	2	1	2	1	0	1	0	130-0.png
0.0	1.0	2.0	0.0	2.0	2.0	4.0	0	2	0	0	1	1	0	2	130-1.png
0.0	1.0	2.0	2.0	2.0	2.0	4.0	0	2	0	2	1	0	0	0	130-2.png
1.0	1.0	2.0	2.0	2.0	2.0	4.0	2	2	0	2	1	0	0	0	130-3.png
2.0	0.0	2.0	0.0	2.0	2.0	4.0	2	2	1	0	1	1	0	2	130-4.png
0.0	1.0	0.0	2.0	1.0	1.0	2.0	0	1	0	1	1	0	1	0	131-0.png
0.0	1.0	2.0	2.0	1.0	1.0	2.0	0	1	0	1	1	0	0	0	131-1.png
0.0	0.0	0.0	2.0	1.0	1.0	2.0	0	1	1	1	1	0	1	0	131-2.png
0.0	0.0	2.0	2.0	1.0	1.0	2.0	0	1	1	1	1	0	0	0	131-3.png
1.0	1.0	0.0	2.0	2.0	2.0	3.0	2	2	0	2	1	0	1	0	132-0.png
1.0	1.0	0.0	2.0	1.0	2.0	3.0	2	2	0	1	1	0	1	0	132-1.png
2.0	1.0	0.0	2.0	2.0	2.0	3.0	2	2	0	2	1	0	1	0	132-2.png
2.0	1.0	0.0	2.0	1.0	2.0	3.0	2	2	0	1	1	0	1	0	132-3.png
0.0	0.0	2.0	2.0	2.0	2.0	4.0	0	2	1	2	1	0	0	0	133-0.png
0.0	0.0	0.0	2.0	2.0	2.0	2.0	0	2	1	2	1	0	1	0	133-1.png
0.0	0.0	2.0	2.0	2.0	2.0	4.0	0	2	1	2	1	0	0	0	133-2.png
0.0	0.0	2.0	2.0	2.0	2.0	2.0	0	2	1	2	1	0	0	0	133-3.png
0.0	1.0	2.0	2.0	2.0	2.0	2.0	0	2	0	2	1	0	0	0	133-4.png
0.0	0.0	1.0	0.0	0.0	1.0	3.0	0	1	1	0	1	1	2	2	134-0.png
2.0	0.0	1.0	0.0	0.0	1.0	3.0	2	1	1	0	1	1	2	2	134-1.png
2.0	0.0	0.0	2.0	2.0	1.0	6.0	2	1	1	2	0	0	1	0	135-0.png
1.0	0.0	0.0	2.0	1.0	1.0	2.0	2	1	1	1	1	0	1	0	135-1.png
2.0	0.0	2.0	2.0	2.0	1.0	4.0	2	1	1	2	1	0	0	0	136-0.png
2.0	1.0	0.0	2.0	1.0	2.0	6.0	2	2	0	1	2	0	1	0	137-0.png
1.0	0.0	1.0	0.0	0.0	1.0	5.0	1	1	1	0	1	1	2	2	138-0.png
2.0	0.0	2.0	0.0	2.0	1.0	1.0	2	1	1	0	1	1	0	2	139-0.png
0.0	0.0	2.0	0.0	2.0	1.0	6.0	0	1	1	0	0	1	0	2	139-1.png
2.0	0.0	2.0	2.0	1.0	1.0	5.0	1	1	1	1	1	0	0	0	140-0.png
1.0	0.0	2.0	0.0	2.0	1.0	5.0	1	1	1	0	1	1	0	2	140-1.png
0.0	0.0	1.0	0.0	0.0	1.0	1.0	0	1	1	0	1	1	2	2	141-0.png
0.0	1.0	2.0	2.0	1.0	0.0	3.0	0	2	0	1	1	0	0	0	142-0.png
2.0	0.0	2.0	0.0	2.0	2.0	2.0	2	2	1	0	1	1	0	2	143-0.png
2.0	1.0	0.0	1.0	1.0	2.0	2.0	2	2	0	1	1	2	1	1	144-0.png
2.0	1.0	2.0	2.0	2.0	2.0	3.0	2	2	0	2	1	0	0	0	145-0.png
0.0	0.0	2.0	2.0	0.0	2.0	5.0	0	2	1	0	1	0	0	2	146-0.png
0.0	1.0	2.0	2.0	1.0	2.0	3.0	0	2	0	1	1	0	0	0	147-0.png
2.0	0.0	2.0	2.0	2.0	2.0	1.0	2	2	1	2	1	0	0	0	148-0.png
0.0	0.0	1.0	0.0	2.0	0.0	0.0	0	1	1	0	1	1	0	2	149-0.png
2.0	1.0	0.0	2.0	2.0	1.0	1.0	2	1	0	2	1	0	1	0	150-0.png
2.0	1.0	0.0	2.0	1.0	1.0	1.0	2	1	0	1	1	0	1	0	150-1.png
2.0	1.0	0.0	2.0	2.0	1.0	5.0	1	1	0	2	1	0	1	0	150-2.png
2.0	1.0	0.0	2.0	2.0	1.0	1.0	2	1	0	2	1	0	1	0	150-3.png
2.0	1.0	0.0	2.0	2.0	1.0	1.0	2	1	0	2	1	0	1	0	150-4.png
0.0	0.0	2.0	2.0	2.0	1.0	1.0	0	1	1	2	1	0	0	0	150-5.png
2.0	0.0	2.0	2.0	2.0	1.0	1.0	2	1	1	2	1	0	0	0	150-6.png
2.0	1.0	2.0	2.0	2.0	1.0	1.0	2	1	0	2	1	0	0	0	150-7.png
2.0	1.0	0.0	2.0	2.0	1.0	1.0	2	1	0	2	1	0	1	0	150-8.png
2.0	1.0	0.0	2.0	2.0	1.0	1.0	2	1	0	2	1	0	1	0	150-9.png
0.0	1.0	0.0	2.0	1.0	0.0	4.0	0	0	0	1	1	0	1	0	151-0.png
2.0	1.0	0.0	2.0	1.0	0.0	3.0	2	0	0	1	1	0	1	0	151-1.png
2.0	1.0	2.0	2.0	1.0	0.0	3.0	2	2	0	1	1	0	0	0	151-10.png
2.0	1.0	2.0	2.0	1.0	0.0	4.0	2	2	0	1	1	0	0	0	151-2.png
2.0	0.0	2.0	2.0	1.0	0.0	3.0	2	2	1	1	1	0	0	0	151-3.png
2.0	0.0	2.0	0.0	1.0	0.0	4.0	2	2	1	1	1	1	0	2	151-4.png
2.0	1.0	2.0	2.0	1.0	0.0	4.0	2	2	0	1	1	0	0	0	151-5.png
2.0	1.0	0.0	2.0	1.0	0.0	4.0	2	0	0	1	1	0	1	0	151-6.png
2.0	1.0	0.0	2.0	1.0	0.0	4.0	2	0	0	1	1	0	1	0	151-7.png
0.0	1.0	0.0	2.0	1.0	0.0	4.0	0	0	0	1	1	0	1	0	151-8.png
0.0	1.0	0.0	2.0	2.0	1.0	2.0	0	1	0	2	1	0	1	0	152-0.png
2.0	1.0	0.0	2.0	2.0	1.0	2.0	2	1	0	2	1	0	1	0	152-1.png
0.0	1.0	0.0	2.0	2.0	1.0	2.0	0	1	0	2	1	0	1	0	152-2.png
2.0	0.0	0.0	2.0	2.0	1.0	2.0	2	1	1	2	1	0	1	0	152-3.png
2.0	1.0	2.0	2.0	2.0	1.0	2.0	2	1	0	2	1	0	0	0	152-4.png
2.0	1.0	0.0	2.0	2.0	1.0	2.0	2	1	0	2	1	0	1	0	152-5.png
2.0	1.0	0.0	2.0	2.0	1.0	2.0	2	1	0	2	1	0	1	0	152-6.png
0.0	1.0	0.0	2.0	2.0	1.0	2.0	0	1	0	2	1	0	1	0	152-7.png
0.0	1.0	0.0	2.0	2.0	1.0	2.0	0	1	0	2	1	0	1	0	152-8.png
2.0	0.0	0.0	2.0	2.0	1.0	2.0	2	1	1	2	1	0	1	0	152-9.png
2.0	1.0	2.0	2.0	2.0	2.0	3.0	2	2	0	2	1	0	0	0	153-0.png
2.0	0.0	2.0	2.0	2.0	2.0	3.0	2	2	1	2	1	0	0	0	153-1.png
2.0	0.0	2.0	2.0	1.0	0.0	4.0	2	2	1	1	1	0	0	0	153-2.png
0.0	1.0	2.0	2.0	2.0	2.0	3.0	0	2	0	2	1	0	0	0	153-3.png
1.0	1.0	2.0	2.0	2.0	2.0	3.0	2	2	0	2	1	0	0	0	153-4.png
2.0	1.0	0.0	2.0	1.0	0.0	3.0	2	0	0	1	1	0	1	0	153-5.png
2.0	1.0	0.0	2.0	1.0	0.0	3.0	2	0	0	1	1	0	1	0	153-6.png
0.0	1.0	0.0	2.0	1.0	0.0	4.0	0	0	0	1	1	0	1	0	153-7.png
2.0	0.0	2.0	2.0	1.0	0.0	4.0	2	2	1	1	1	0	0	0	153-8.png
2.0	0.0	2.0	2.0	2.0	2.0	3.0	2	2	1	2	1	0	0	0	153-9.png
2.0	1.0	0.0	2.0	1.0	2.0	3.0	2	2	0	1	1	0	1	0	154-0.png
2.0	1.0	0.0	2.0	1.0	2.0	3.0	2	2	0	1	1	0	1	0	154-1.png
2.0	1.0	0.0	2.0	1.0	2.0	3.0	2	2	0	1	1	0	1	0	154-2.png
0.0	1.0	0.0	2.0	1.0	2.0	3.0	0	2	0	1	1	0	1	0	154-3.png
2.0	1.0	0.0	2.0	1.0	2.0	3.0	2	2	0	1	1	0	1	0	154-4.png
0.0	1.0	0.0	2.0	1.0	1.0	3.0	0	1	0	1	1	0	1	0	154-5.png
2.0	1.0	0.0	2.0	2.0	2.0	3.0	2	2	0	2	1	0	1	0	154-6.png
2.0	1.0	0.0	2.0	1.0	1.0	3.0	2	1	0	1	1	0	1	0	154-7.png
2.0	1.0	0.0	2.0	1.0	1.0	3.0	2	1	0	1	1	0	1	0	154-8.png
2.0	0.0	0.0	2.0	1.0	2.0	3.0	2	2	1	1	1	0	1	0	154-9.png
2.0	0.0	2.0	2.0	1.0	2.0	1.0	2	2	1	1	1	0	0	0	155-0.png
2.0	0.0	0.0	2.0	1.0	2.0	0.0	0	2	1	1	1	0	1	0	155-1.png
2.0	0.0	2.0	2.0	1.0	2.0	0.0	0	2	1	1	1	0	0	0	155-2.png
2.0	0.0	2.0	2.0	1.0	2.0	0.0	0	2	1	1	1	0	0	0	155-3.png
2.0	0.0	0.0	2.0	1.0	2.0	0.0	0	2	1	1	1	0	1	0	155-4.png
2.0	0.0	2.0	2.0	1.0	2.0	1.0	2	2	1	1	1	0	0	0	155-5.png
2.0	0.0	2.0	2.0	1.0	2.0	0.0	0	2	1	1	1	0	0	0	155-6.png
2.0	0.0	2.0	2.0	1.0	2.0	0.0	0	2	1	1	1	0	0	0	155-7.png
2.0	1.0	0.0	2.0	1.0	2.0	1.0	2	2	0	1	1	0	1	0	155-8.png
2.0	1.0	0.0	1.0	1.0	0.0	2.0	2	0	0	1	1	2	1	1	156-0.png
0.0	0.0	1.0	0.0	0.0	1.0	1.0	0	1	1	0	1	1	2	2	157-0.png
2.0	0.0	1.0	0.0	0.0	1.0	5.0	1	1	1	0	1	1	2	2	157-1.png
0.0	0.0	1.0	0.0	2.0	1.0	6.0	0	1	1	0	0	1	0	2	158-0.png
0.0	0.0	2.0	2.0	2.0	0.0	6.0	0	2	1	2	0	0	0	0	158-1.png
2.0	0.0	1.0	0.0	2.0	2.0	6.0	2	1	1	0	0	1	0	2	158-2.png
2.0	1.0	2.0	0.0	2.0	2.0	1.0	2	2	0	0	1	1	0	2	159-0.png
1.0	1.0	2.0	0.0	2.0	2.0	1.0	2	2	0	0	1	1	0	2	159-1.png
2.0	0.0	2.0	2.0	1.0	2.0	1.0	2	2	1	1	1	0	0	0	160-0.png
0.0	1.0	2.0	2.0	1.0	2.0	1.0	0	2	0	1	1	0	0	0	160-1.png
0.0	1.0	2.0	2.0	0.0	1.0	6.0	0	1	0	0	2	0	0	2	161-0.png
0.0	1.0	2.0	2.0	2.0	1.0	6.0	0	1	0	2	2	0	0	0	161-1.png
0.0	1.0	0.0	2.0	2.0	2.0	3.0	0	2	0	2	1	0	1	0	162-0.png
0.0	1.0	0.0	2.0	2.0	2.0	3.0	0	2	0	2	1	0	1	0	162-1.png
0.0	0.0	1.0	0.0	2.0	2.0	2.0	0	1	1	0	1	1	0	2	163-0.png
2.0	0.0	2.0	0.0	2.0	2.0	6.0	2	2	1	0	0	1	0	2	163-1.png
0.0	0.0	2.0	0.0	2.0	2.0	5.0	0	2	1	0	1	1	0	2	164-0.png
0.0	0.0	2.0	2.0	2.0	2.0	6.0	0	2	1	2	0	0	0	0	164-1.png
2.0	1.0	0.0	2.0	1.0	2.0	6.0	2	2	0	1	2	0	1	0	165-0.png
0.0	1.0	0.0	2.0	1.0	2.0	6.0	0	2	0	1	2	0	1	0	165-1.png
2.0	0.0	2.0	2.0	1.0	0.0	6.0	2	2	1	1	0	0	0	0	166-0.png
2.0	0.0	2.0	2.0	1.0	0.0	6.0	2	2	1	1	0	0	0	0	166-1.png
0.0	1.0	2.0	2.0	2.0	0.0	3.0	0	2	0	2	1	0	0	0	167-0.png
0.0	0.0	2.0	2.0	1.0	2.0	5.0	0	2	1	1	1	0	0	0	168-0.png
0.0	0.0	1.0	0.0	1.0	2.0	5.0	0	1	1	1	1	1	0	2	168-1.png
0.0	0.0	1.0	0.0	2.0	1.0	2.0	0	1	1	0	1	1	0	2	169-0.png
0.0	1.0	1.0	0.0	2.0	1.0	2.0	0	1	2	0	1	1	0	2	169-1.png
2.0	1.0	0.0	2.0	1.0	2.0	1.0	2	2	0	1	1	0	1	0	170-0.png
2.0	1.0	0.0	0.0	1.0	2.0	1.0	2	2	0	1	1	1	1	2	170-1.png
1.0	1.0	0.0	2.0	2.0	2.0	2.0	2	2	0	2	1	0	1	0	171-0.png
2.0	1.0	0.0	2.0	2.0	2.0	2.0	2	2	0	2	1	0	1	0	171-1.png
2.0	0.0	2.0	0.0	2.0	1.0	1.0	2	1	1	0	1	1	0	2	172-0.png
0.0	0.0	2.0	0.0	2.0	1.0	6.0	0	1	1	0	0	1	0	2	172-1.png
2.0	0.0	0.0	2.0	2.0	0.0	3.0	2	0	1	2	1	0	1	0	173-0.png
2.0	0.0	0.0	2.0	1.0	0.0	3.0	2	0	1	1	1	0	1	0	173-1.png
2.0	0.0	0.0	2.0	2.0	0.0	3.0	2	0	1	2	1	0	1	0	173-2.png
2.0	0.0	0.0	2.0	2.0	0.0	3.0	2	0	1	2	1	0	1	0	173-3.png
2.0	0.0	0.0	2.0	1.0	0.0	3.0	2	0	1	1	1	0	1	0	173-4.png
2.0	0.0	2.0	2.0	1.0	1.0	2.0	2	1	1	1	1	0	0	0	174-0.png
0.0	0.0	0.0	2.0	1.0	1.0	2.0	0	1	1	1	1	0	1	0	174-1.png
0.0	0.0	2.0	2.0	1.0	1.0	2.0	0	1	1	1	1	0	0	0	174-2.png
1.0	1.0	2.0	2.0	1.0	1.0	2.0	2	1	0	1	1	0	0	0	174-3.png
0.0	0.0	2.0	2.0	1.0	1.0	2.0	0	1	1	1	1	0	0	0	174-4.png
0.0	0.0	0.0	2.0	1.0	2.0	6.0	0	2	1	1	0	0	1	0	174-5.png
2.0	0.0	1.0	0.0	1.0	1.0	3.0	2	1	1	1	1	1	0	2	175-0.png
1.0	1.0	1.0	0.0	1.0	1.0	3.0	2	1	2	1	1	1	0	2	175-1.png
2.0	0.0	2.0	2.0	1.0	0.0	1.0	2	2	1	1	1	0	0	0	176-0.png
2.0	0.0	2.0	2.0	1.0	2.0	2.0	2	2	1	1	1	0	0	0	177-0.png
2.0	1.0	2.0	2.0	1.0	2.0	2.0	2	2	0	1	1	0	0	0	177-1.png
2.0	1.0	2.0	0.0	2.0	1.0	6.0	2	1	0	0	2	1	0	2	178-0.png
0.0	0.0	2.0	0.0	2.0	1.0	6.0	0	1	1	0	0	1	0	2	178-1.png
2.0	0.0	0.0	1.0	1.0	0.0	1.0	2	0	1	1	1	2	1	1	179-0.png
2.0	0.0	0.0	1.0	1.0	0.0	1.0	2	0	1	1	1	2	1	1	179-1.png
2.0	0.0	1.0	0.0	2.0	2.0	6.0	2	1	1	0	0	1	0	2	180-0.png
2.0	1.0	2.0	0.0	2.0	2.0	6.0	2	2	0	0	2	1	0	2	180-1.png
2.0	1.0	0.0	2.0	1.0	0.0	2.0	2	0	0	1	1	0	1	0	181-0.png
2.0	1.0	2.0	2.0	1.0	2.0	2.0	2	2	0	1	1	0	0	0	181-1.png
2.0	1.0	0.0	1.0	1.0	0.0	2.0	2	0	0	1	1	2	1	1	181-2.png
2.0	0.0	1.0	0.0	0.0	1.0	4.0	2	1	1	0	1	1	2	2	182-0.png
0.0	1.0	2.0	2.0	1.0	1.0	3.0	0	1	0	1	1	0	1	0	183-0.png
0.0	0.0	1.0	0.0	2.0	1.0	1.0	0	1	1	0	1	1	0	2	184-0.png
1.0	0.0	1.0	0.0	2.0	1.0	1.0	2	1	1	0	1	1	1	2	184-1.png
2.0	0.0	1.0	0.0	0.0	1.0	5.0	1	1	1	0	1	1	2	2	185-0.png
2.0	0.0	1.0	0.0	0.0	2.0	5.0	1	1	1	0	1	1	2	2	185-1.png
2.0	0.0	1.0	0.0	2.0	1.0	5.0	1	1	1	0	1	1	0	2	186-0.png
2.0	0.0	2.0	0.0	2.0	1.0	5.0	1	1	1	0	1	1	0	2	186-1.png
2.0	1.0	2.0	2.0	2.0	2.0	6.0	2	2	0	2	2	0	0	0	187-0.png
0.0	0.0	2.0	2.0	2.0	1.0	2.0	0	1	1	2	1	0	0	0	187-1.png
0.0	0.0	2.0	0.0	2.0	2.0	5.0	0	2	1	0	1	1	0	2	188-0.png
2.0	1.0	2.0	0.0	2.0	2.0	5.0	1	2	0	0	1	1	0	2	188-1.png
2.0	0.0	1.0	0.0	2.0	2.0	5.0	1	1	1	0	1	1	0	2	189-0.png
0.0	0.0	1.0	0.0	2.0	1.0	5.0	0	1	1	0	1	1	0	2	190-0.png
2.0	0.0	1.0	0.0	2.0	1.0	5.0	1	1	1	0	1	1	0	2	190-1.png
0.0	1.0	0.0	2.0	2.0	2.0	2.0	0	2	0	2	1	0	1	0	191-0.png
2.0	1.0	2.0	2.0	2.0	1.0	2.0	2	1	0	2	1	0	0	0	192-0.png
2.0	1.0	0.0	2.0	2.0	1.0	2.0	2	1	0	2	1	0	1	0	192-1.png
2.0	0.0	2.0	2.0	2.0	2.0	2.0	2	2	1	2	1	0	0	0	193-0.png
2.0	0.0	2.0	2.0	1.0	2.0	2.0	2	2	1	1	1	0	0	0	193-1.png
0.0	0.0	2.0	2.0	2.0	2.0	6.0	0	2	1	2	0	0	0	0	193-2.png
0.0	1.0	0.0	2.0	1.0	2.0	6.0	0	2	0	1	2	0	1	0	193-3.png
2.0	1.0	2.0	2.0	1.0	2.0	5.0	1	2	0	1	1	0	0	0	194-0.png
0.0	1.0	2.0	0.0	2.0	1.0	5.0	0	1	0	0	1	1	0	2	194-1.png
0.0	0.0	2.0	2.0	1.0	2.0	1.0	0	2	1	1	1	0	1	0	195-0.png
2.0	0.0	2.0	0.0	1.0	1.0	1.0	2	1	1	1	1	1	0	2	195-1.png
2.0	0.0	0.0	2.0	2.0	2.0	6.0	2	2	1	2	0	0	1	0	196-0.png
0.0	0.0	1.0	0.0	1.0	2.0	6.0	0	1	1	1	0	1	0	2	197-0.png
2.0	0.0	1.0	0.0	1.0	2.0	5.0	1	1	1	1	1	1	0	2	197-1.png
0.0	0.0	2.0	2.0	1.0	2.0	1.0	0	2	1	1	1	0	0	0	198-0.png
1.0	0.0	2.0	2.0	2.0	0.0	1.0	2	2	1	2	1	0	0	0	198-1.png
0.0	0.0	2.0	2.0	1.0	2.0	2.0	0	2	1	1	1	0	0	0	199-0.png
0.0	1.0	0.0	2.0	1.0	2.0	2.0	0	2	0	1	1	0	1	0	199-1.png
2.0	1.0	0.0	2.0	1.0	0.0	2.0	2	0	0	1	1	0	1	0	199-2.png
0.0	1.0	2.0	2.0	1.0	0.0	3.0	0	2	0	1	1	0	0	0	199-3.png
0.0	0.0	1.0	0.0	0.0	0.0	5.0	0	1	1	0	1	1	2	2	200-0.png
0.0	0.0	2.0	0.0	2.0	1.0	2.0	0	1	1	0	1	1	0	2	201-0.png
2.0	0.0	2.0	2.0	2.0	2.0	1.0	2	2	1	2	1	0	0	0	202-0.png
2.0	0.0	2.0	0.0	2.0	2.0	1.0	2	2	1	0	1	1	0	2	202-1.png
0.0	0.0	2.0	2.0	2.0	2.0	1.0	0	2	1	2	1	0	0	0	202-2.png
2.0	0.0	2.0	2.0	2.0	2.0	5.0	1	2	1	2	1	0	0	0	202-3.png
2.0	0.0	2.0	0.0	2.0	2.0	1.0	2	2	1	0	1	1	0	2	202-4.png
0.0	1.0	2.0	2.0	2.0	0.0	3.0	0	2	0	2	1	0	0	0	203-0.png
2.0	0.0	2.0	0.0	2.0	0.0	2.0	2	2	1	0	1	1	0	2	203-1.png
0.0	1.0	2.0	2.0	2.0	0.0	2.0	0	2	0	2	1	0	0	0	203-2.png
2.0	1.0	2.0	2.0	2.0	0.0	3.0	2	2	0	2	1	0	0	0	203-3.png
0.0	0.0	2.0	0.0	2.0	0.0	2.0	0	2	1	0	1	1	0	2	203-4.png
0.0	0.0	0.0	2.0	1.0	2.0	4.0	0	2	1	1	1	0	1	0	204-0.png
0.0	1.0	0.0	2.0	1.0	2.0	4.0	0	2	0	1	1	0	1	0	204-1.png
0.0	1.0	0.0	1.0	1.0	2.0	4.0	0	2	0	1	1	2	1	1	204-3.png
2.0	0.0	0.0	1.0	1.0	2.0	4.0	2	2	1	1	1	2	1	1	204-4.png
2.0	1.0	0.0	1.0	2.0	2.0	4.0	2	2	0	1	1	2	1	1	204-5.png
2.0	1.0	0.0	2.0	1.0	2.0	3.0	2	2	0	1	1	0	1	0	205-0.png
2.0	1.0	0.0	2.0	2.0	2.0	3.0	2	2	0	2	1	0	1	0	205-1.png
0.0	1.0	0.0	1.0	2.0	2.0	3.0	0	2	0	1	1	2	1	1	205-2.png
0.0	0.0	0.0	1.0	1.0	2.0	3.0	0	2	1	1	1	2	1	1	205-3.png
2.0	0.0	0.0	2.0	1.0	2.0	3.0	2	2	1	1	1	0	1	0	205-4.png
0.0	0.0	2.0	2.0	2.0	1.0	4.0	0	1	1	2	1	0	0	0	206-0.png
0.0	1.0	2.0	2.0	2.0	1.0	4.0	0	1	0	2	1	0	0	0	206-1.png
2.0	1.0	2.0	2.0	1.0	1.0	3.0	2	1	0	1	1	0	0	0	206-2.png
2.0	0.0	2.0	2.0	2.0	1.0	3.0	2	1	1	2	1	0	0	0	206-3.png
0.0	0.0	0.0	2.0	2.0	1.0	4.0	0	1	1	2	1	0	1	0	206-4.png
2.0	1.0	0.0	1.0	1.0	2.0	1.0	2	2	0	1	1	2	1	1	207-0.png
0.0	0.0	0.0	1.0	1.0	2.0	1.0	0	2	1	1	1	2	1	1	207-1.png
2.0	0.0	2.0	2.0	1.0	2.0	2.0	2	2	1	1	1	0	0	0	207-2.png
2.0	1.0	0.0	1.0	1.0	2.0	0.0	0	2	0	1	1	2	1	1	207-3.png
2.0	1.0	0.0	1.0	1.0	2.0	1.0	2	2	0	1	1	2	1	1	207-4.png
0.0	1.0	0.0	1.0	1.0	2.0	0.0	0	2	0	1	1	2	1	1	207-5.png
2.0	1.0	0.0	2.0	1.0	0.0	4.0	2	0	0	1	1	0	1	0	208-0.png
1.0	1.0	0.0	2.0	1.0	0.0	4.0	2	0	0	1	1	0	1	0	208-1.png
2.0	1.0	0.0	2.0	1.0	0.0	4.0	2	0	0	1	1	0	1	0	208-2.png
1.0	1.0	0.0	2.0	1.0	0.0	4.0	2	0	0	1	1	0	1	0	208-3.png
1.0	1.0	0.0	1.0	1.0	0.0	4.0	2	0	0	1	1	2	1	1	208-4.png
1.0	0.0	0.0	2.0	1.0	2.0	2.0	2	2	1	1	1	0	2	0	209-0.png
2.0	1.0	0.0	2.0	1.0	2.0	2.0	2	2	0	1	1	0	1	0	209-1.png
0.0	0.0	0.0	2.0	1.0	2.0	6.0	0	2	1	1	0	0	1	0	209-2.png
1.0	1.0	0.0	2.0	1.0	2.0	2.0	2	2	0	1	1	0	1	0	209-3.png
2.0	0.0	2.0	2.0	1.0	2.0	2.0	2	2	1	1	1	0	0	0	209-4.png
0.0	0.0	1.0	0.0	2.0	1.0	5.0	0	1	1	0	1	1	0	2	210-0.png
2.0	0.0	1.0	0.0	2.0	1.0	5.0	1	1	1	0	1	1	0	2	210-1.png
2.0	0.0	0.0	2.0	2.0	0.0	3.0	2	0	1	2	1	0	1	0	211-0.png
0.0	1.0	0.0	1.0	1.0	0.0	2.0	0	0	0	1	1	2	1	1	211-1.png
2.0	0.0	1.0	0.0	2.0	2.0	6.0	2	1	1	0	0	1	0	2	212-0.png
2.0	0.0	1.0	0.0	2.0	2.0	2.0	2	1	1	0	1	1	0	2	212-1.png
2.0	0.0	1.0	0.0	0.0	2.0	6.0	2	1	1	0	0	1	2	2	212-2.png
1.0	0.0	1.0	0.0	2.0	2.0	2.0	2	1	1	0	1	1	0	2	213-0.png
0.0	0.0	1.0	0.0	0.0	2.0	6.0	0	1	1	0	0	1	2	2	213-1.png
2.0	0.0	1.0	0.0	2.0	2.0	6.0	2	1	1	0	0	1	0	2	213-2.png
2.0	0.0	1.0	0.0	2.0	0.0	6.0	2	1	1	0	0	1	0	2	214-0.png
2.0	0.0	1.0	0.0	2.0	0.0	5.0	1	1	1	0	1	1	0	2	214-1.png
0.0	0.0	0.0	2.0	1.0	2.0	5.0	0	2	1	1	1	0	1	0	215-0.png
2.0	0.0	2.0	2.0	1.0	1.0	5.0	1	1	1	1	1	0	0	0	215-1.png
1.0	1.0	2.0	2.0	2.0	2.0	2.0	2	2	0	2	1	0	0	0	216-0.png
1.0	0.0	2.0	2.0	2.0	2.0	2.0	2	2	1	2	1	0	0	0	216-1.png
2.0	0.0	2.0	2.0	0.0	0.0	6.0	2	2	1	0	0	0	0	2	217-0.png
0.0	1.0	2.0	2.0	2.0	0.0	2.0	0	2	0	2	1	0	0	0	217-1.png
2.0	0.0	2.0	2.0	2.0	0.0	6.0	2	2	1	2	0	0	0	0	217-2.png
2.0	0.0	2.0	2.0	2.0	1.0	2.0	2	1	1	2	1	0	0	0	218-0.png
0.0	0.0	2.0	0.0	1.0	1.0	1.0	0	1	1	1	1	1	0	2	219-0.png
2.0	0.0	0.0	2.0	2.0	0.0	5.0	1	0	1	2	1	0	1	0	220-0.png
2.0	0.0	2.0	0.0	0.0	1.0	3.0	2	1	1	0	1	1	2	2	221-0.png
0.0	0.0	2.0	0.0	0.0	2.0	1.0	0	2	1	0	1	1	0	2	222-0.png
0.0	0.0	1.0	0.0	2.0	1.0	6.0	0	1	1	0	0	1	0	2	223-0.png
2.0	1.0	2.0	2.0	0.0	2.0	6.0	2	2	0	0	2	0	0	2	224-0.png
0.0	0.0	2.0	0.0	2.0	2.0	2.0	0	2	1	0	1	1	0	2	225-0.png
0.0	0.0	0.0	2.0	1.0	0.0	4.0	0	0	1	1	1	0	1	0	226-0.png
0.0	0.0	2.0	2.0	0.0	0.0	2.0	0	2	1	0	1	0	0	2	227-0.png
2.0	1.0	2.0	0.0	2.0	2.0	3.0	2	2	0	0	1	1	0	2	228-0.png
2.0	0.0	2.0	2.0	1.0	1.0	5.0	1	1	1	1	1	0	0	0	229-0.png
2.0	0.0	0.0	2.0	1.0	0.0	6.0	2	0	1	1	0	0	1	0	230-0.png
2.0	0.0	0.0	2.0	1.0	0.0	2.0	2	0	1	1	1	0	1	0	230-1.png
0.0	0.0	2.0	2.0	2.0	2.0	5.0	0	2	1	2	1	0	0	0	231-0.png
0.0	0.0	2.0	2.0	2.0	2.0	5.0	0	2	1	2	1	0	0	0	231-1.png
0.0	0.0	2.0	0.0	2.0	2.0	6.0	0	2	1	0	0	1	0	2	232-0.png
2.0	0.0	2.0	0.0	0.0	2.0	5.0	1	2	1	0	1	1	0	2	232-1.png
1.0	0.0	2.0	2.0	2.0	2.0	2.0	2	2	1	2	1	0	0	0	233-0.png
1.0	0.0	2.0	2.0	2.0	2.0	2.0	2	2	1	2	1	0	0	0	233-1.png
1.0	0.0	2.0	2.0	1.0	1.0	3.0	2	1	1	1	1	0	0	0	234-0.png
0.0	0.0	2.0	0.0	1.0	1.0	3.0	0	1	1	1	1	1	0	2	234-1.png
1.0	1.0	0.0	2.0	1.0	0.0	4.0	2	0	0	1	1	0	1	0	235-0.png
0.0	0.0	0.0	2.0	1.0	0.0	3.0	0	0	1	1	1	0	1	0	235-1.png
1.0	0.0	2.0	0.0	2.0	0.0	6.0	2	2	1	0	0	1	0	2	236-0.png
2.0	0.0	2.0	2.0	1.0	2.0	1.0	2	2	1	1	1	0	0	0	237-0.png
2.0	0.0	2.0	2.0	1.0	2.0	1.0	2	2	1	1	1	0	0	0	237-1.png
0.0	0.0	2.0	2.0	0.0	0.0	5.0	0	2	1	0	1	0	0	2	238-0.png
1.0	0.0	1.0	0.0	2.0	1.0	3.0	2	1	1	0	1	1	0	2	239-0.png
0.0	0.0	2.0	0.0	0.0	1.0	3.0	0	1	1	0	1	1	0	2	239-1.png
2.0	0.0	2.0	0.0	0.0	2.0	2.0	2	2	1	0	1	1	0	2	239-2.png
2.0	1.0	2.0	0.0	2.0	2.0	2.0	2	2	0	0	1	1	0	2	239-3.png
2.0	0.0	2.0	2.0	1.0	2.0	2.0	2	2	1	1	1	0	0	0	240-0.png
0.0	0.0	1.0	0.0	2.0	2.0	6.0	0	1	1	0	0	1	0	2	240-1.png
2.0	0.0	2.0	0.0	2.0	2.0	5.0	1	2	1	0	1	1	0	2	241-0.png
2.0	0.0	2.0	0.0	2.0	2.0	6.0	2	2	1	0	0	1	0	2	241-1.png
2.0	0.0	2.0	0.0	2.0	2.0	6.0	2	2	1	0	0	1	0	2	241-2.png
0.0	0.0	1.0	0.0	2.0	2.0	6.0	0	1	1	0	0	1	0	2	241-3.png
2.0	0.0	2.0	2.0	2.0	2.0	6.0	2	2	1	2	0	0	0	0	242-0.png
2.0	0.0	2.0	2.0	2.0	2.0	2.0	2	2	1	2	1	0	0	0	242-1.png
0.0	0.0	0.0	2.0	1.0	2.0	2.0	0	2	1	1	1	0	1	0	242-2.png
2.0	0.0	2.0	2.0	1.0	2.0	3.0	2	2	1	1	1	0	0	0	243-0.png
2.0	0.0	2.0	2.0	1.0	2.0	2.0	2	2	1	1	1	0	1	0	243-1.png
2.0	0.0	2.0	2.0	1.0	2.0	3.0	2	2	1	1	1	0	0	0	243-2.png
2.0	0.0	2.0	2.0	1.0	1.0	5.0	1	1	1	1	1	0	0	0	244-0.png
1.0	1.0	2.0	2.0	2.0	2.0	2.0	2	2	0	2	1	0	0	0	245-0.png
2.0	0.0	2.0	0.0	2.0	2.0	3.0	2	2	1	0	1	1	2	2	246-0.png
1.0	0.0	2.0	0.0	2.0	2.0	3.0	2	2	1	0	1	1	0	2	246-1.png
2.0	1.0	2.0	0.0	2.0	2.0	3.0	2	2	0	0	1	1	0	2	246-2.png
1.0	0.0	2.0	0.0	2.0	2.0	3.0	2	2	1	0	1	1	0	2	246-3.png
2.0	0.0	2.0	0.0	2.0	0.0	4.0	2	2	1	0	1	1	0	2	247-0.png
2.0	0.0	2.0	0.0	1.0	0.0	4.0	2	2	1	1	1	1	0	2	247-1.png
1.0	1.0	2.0	0.0	2.0	0.0	4.0	2	2	0	0	1	0	0	2	247-2.png
2.0	0.0	2.0	0.0	1.0	0.0	4.0	2	2	1	1	1	1	0	2	247-3.png
2.0	0.0	2.0	0.0	1.0	0.0	4.0	2	2	1	1	1	1	0	2	247-4.png
2.0	0.0	1.0	0.0	2.0	2.0	2.0	2	1	1	0	1	1	0	2	248-0.png
0.0	0.0	1.0	0.0	2.0	2.0	2.0	0	1	1	0	1	1	0	2	248-1.png
1.0	0.0	2.0	0.0	2.0	0.0	2.0	2	2	1	0	1	1	0	2	248-2.png
2.0	0.0	1.0	0.0	2.0	2.0	2.0	2	1	1	0	1	1	0	2	248-3.png
1.0	0.0	2.0	0.0	2.0	2.0	2.0	2	2	1	0	1	1	0	2	248-4.png
2.0	0.0	0.0	2.0	2.0	0.0	3.0	2	0	1	2	1	0	1	0	249-0.png
2.0	0.0	1.0	0.0	0.0	0.0	2.0	2	1	1	0	1	1	2	2	250-0.png
2.0	0.0	1.0	0.0	2.0	0.0	2.0	2	1	1	0	1	1	0	2	250-1.png
0.0	0.0	0.0	1.0	1.0	0.0	2.0	0	0	1	1	1	2	1	1	251-0.png
0.0	1.0	2.0	2.0	1.0	0.0	2.0	0	2	0	1	1	0	1	0	252-0.png
2.0	0.0	2.0	2.0	1.0	0.0	6.0	2	2	1	1	0	0	0	0	253-0.png
1.0	1.0	0.0	2.0	2.0	0.0	3.0	2	0	0	2	1	0	1	0	254-0.png
2.0	1.0	2.0	2.0	0.0	0.0	4.0	2	2	0	0	1	0	0	2	254-1.png
1.0	1.0	0.0	2.0	2.0	0.0	3.0	2	0	0	2	1	0	1	0	255-0.png
2.0	1.0	0.0	2.0	1.0	2.0	6.0	2	2	0	1	2	0	1	0	256-0.png
0.0	0.0	0.0	2.0	1.0	2.0	5.0	0	2	1	1	1	0	1	0	256-1.png
2.0	0.0	2.0	0.0	1.0	1.0	4.0	2	1	1	1	1	1	0	2	257-0.png
0.0	0.0	1.0	0.0	2.0	1.0	5.0	0	1	1	0	1	1	0	2	258-0.png
0.0	1.0	0.0	2.0	2.0	0.0	3.0	0	0	0	2	1	0	1	0	259-0.png
0.0	1.0	0.0	2.0	2.0	2.0	3.0	0	2	0	2	1	0	1	0	259-1.png
0.0	0.0	2.0	0.0	2.0	1.0	3.0	0	1	1	0	1	1	0	2	260-0.png
0.0	0.0	2.0	0.0	2.0	1.0	5.0	0	1	1	0	1	1	0	2	261-0.png
2.0	1.0	2.0	0.0	0.0	1.0	3.0	2	1	0	0	1	1	0	2	262-0.png
0.0	0.0	1.0	0.0	0.0	1.0	4.0	0	1	1	0	1	1	2	2	263-0.png
2.0	0.0	2.0	2.0	1.0	1.0	2.0	2	1	1	1	1	0	0	0	264-0.png
2.0	0.0	1.0	0.0	2.0	1.0	5.0	1	1	1	0	1	1	0	2	265-0.png
2.0	0.0	2.0	0.0	2.0	2.0	6.0	2	2	1	0	0	1	0	2	266-0.png
0.0	0.0	0.0	2.0	1.0	0.0	2.0	0	0	1	1	1	0	1	0	267-0.png
2.0	0.0	2.0	0.0	2.0	2.0	3.0	2	2	1	0	1	1	0	2	268-0.png
2.0	0.0	1.0	0.0	2.0	1.0	3.0	2	1	1	0	1	1	0	2	269-0.png
2.0	0.0	1.0	0.0	2.0	1.0	5.0	1	1	1	0	1	1	0	2	270-0.png
2.0	1.0	0.0	2.0	1.0	0.0	2.0	2	0	0	1	1	0	1	0	272-0.png
2.0	1.0	0.0	2.0	2.0	0.0	2.0	2	0	0	2	1	0	1	0	272-1.png
0.0	1.0	0.0	2.0	2.0	0.0	2.0	0	0	0	2	1	0	1	0	272-2.png
2.0	1.0	0.0	2.0	1.0	2.0	6.0	2	2	0	1	2	0	1	0	272-3.png
1.0	0.0	1.0	0.0	2.0	0.0	2.0	2	1	1	0	1	1	0	2	273-0.png
2.0	0.0	2.0	0.0	0.0	0.0	2.0	2	2	1	0	1	1	0	2	273-1.png
2.0	0.0	1.0	0.0	2.0	2.0	2.0	2	1	1	0	1	1	0	2	273-2.png
2.0	0.0	1.0	0.0	0.0	0.0	2.0	2	1	1	0	1	1	2	2	273-3.png
2.0	0.0	1.0	0.0	0.0	2.0	2.0	2	1	1	0	1	1	2	2	273-4.png
0.0	0.0	0.0	2.0	1.0	2.0	6.0	0	2	1	1	0	0	1	0	274-0.png
2.0	0.0	2.0	2.0	1.0	2.0	5.0	1	2	1	1	1	0	0	0	274-1.png
0.0	1.0	2.0	0.0	1.0	2.0	6.0	0	2	0	1	2	1	0	2	274-2.png
2.0	0.0	0.0	2.0	1.0	2.0	5.0	1	2	1	1	1	0	1	0	274-3.png
0.0	0.0	1.0	0.0	2.0	1.0	6.0	0	1	1	0	0	1	0	2	275-0.png
0.0	0.0	2.0	0.0	2.0	1.0	1.0	0	1	1	0	1	1	0	2	275-1.png
1.0	0.0	2.0	0.0	1.0	1.0	6.0	2	1	1	1	0	1	0	2	276-0.png
1.0	0.0	1.0	0.0	1.0	1.0	6.0	2	1	1	1	0	1	0	2	276-1.png
0.0	0.0	2.0	0.0	2.0	2.0	6.0	0	2	1	0	0	1	0	2	277-0.png
0.0	0.0	2.0	2.0	2.0	2.0	1.0	0	2	1	2	1	0	0	0	277-1.png
0.0	0.0	2.0	2.0	1.0	0.0	6.0	0	2	1	1	0	0	0	0	278-0.png
0.0	0.0	2.0	0.0	1.0	0.0	6.0	0	2	1	1	0	1	0	2	278-1.png
0.0	0.0	2.0	0.0	2.0	2.0	5.0	0	2	1	0	1	1	0	2	279-0.png
2.0	1.0	2.0	2.0	2.0	2.0	2.0	2	2	0	2	1	0	0	0	279-1.png
2.0	0.0	2.0	2.0	2.0	2.0	2.0	2	2	1	2	1	0	0	0	280-0.png
2.0	0.0	0.0	2.0	2.0	2.0	2.0	2	2	1	2	1	0	1	0	280-1.png
2.0	0.0	1.0	0.0	2.0	1.0	6.0	2	1	1	0	0	1	0	2	281-0.png
0.0	0.0	1.0	0.0	2.0	0.0	1.0	0	1	1	0	1	1	0	2	281-1.png
2.0	1.0	0.0	1.0	1.0	2.0	6.0	2	2	0	1	2	2	1	1	282-0.png
2.0	1.0	0.0	1.0	1.0	2.0	2.0	2	2	0	1	1	2	1	1	282-1.png
0.0	0.0	1.0	0.0	1.0	0.0	1.0	0	1	1	1	1	1	0	2	283-0.png
2.0	0.0	1.0	0.0	1.0	0.0	1.0	2	1	1	1	1	1	0	2	283-1.png
2.0	0.0	2.0	0.0	0.0	1.0	1.0	2	1	1	0	1	1	0	2	285-0.png
1.0	1.0	2.0	0.0	2.0	1.0	1.0	2	1	0	0	1	1	0	2	285-1.png
1.0	0.0	2.0	0.0	2.0	1.0	1.0	2	1	1	0	1	1	0	2	285-2.png
2.0	1.0	2.0	2.0	2.0	1.0	1.0	2	1	0	2	1	0	0	0	285-3.png
1.0	1.0	2.0	2.0	2.0	1.0	1.0	2	1	0	2	1	0	0	0	285-4.png
2.0	0.0	0.0	2.0	1.0	0.0	3.0	2	0	1	1	1	0	1	0	286-0.png
0.0	0.0	0.0	2.0	2.0	0.0	3.0	0	0	1	2	1	0	1	0	286-1.png
2.0	0.0	0.0	2.0	2.0	0.0	3.0	2	0	1	2	1	2	1	0	286-2.png
0.0	1.0	0.0	2.0	1.0	0.0	3.0	0	0	0	1	1	0	1	0	286-3.png
2.0	1.0	0.0	2.0	1.0	2.0	1.0	2	2	0	1	1	0	1	0	287-0.png
2.0	1.0	2.0	2.0	1.0	2.0	1.0	2	2	0	1	1	0	0	0	287-1.png
2.0	0.0	2.0	2.0	1.0	2.0	1.0	2	2	1	1	1	0	0	0	287-2.png
1.0	0.0	0.0	2.0	1.0	2.0	1.0	2	2	1	1	1	0	1	0	287-3.png
2.0	1.0	2.0	2.0	1.0	2.0	1.0	2	2	0	1	1	0	0	0	287-4.png
2.0	0.0	2.0	0.0	1.0	2.0	0.0	0	2	1	1	1	1	0	2	288-0.png
0.0	0.0	1.0	0.0	1.0	2.0	0.0	0	1	1	1	1	1	0	2	288-1.png
2.0	0.0	2.0	0.0	1.0	2.0	0.0	0	2	1	1	1	1	0	2	288-2.png
2.0	1.0	2.0	0.0	1.0	2.0	0.0	0	2	0	1	1	1	0	2	288-3.png
2.0	1.0	2.0	0.0	1.0	2.0	0.0	0	2	0	1	1	1	0	2	288-4.png
2.0	1.0	0.0	2.0	2.0	2.0	5.0	1	2	0	2	1	0	1	0	289-0.png
0.0	1.0	0.0	2.0	2.0	0.0	1.0	0	0	0	2	1	0	1	0	289-1.png
2.0	0.0	0.0	2.0	2.0	0.0	1.0	2	0	1	2	1	0	1	0	289-2.png
2.0	0.0	0.0	2.0	2.0	2.0	1.0	2	2	1	2	1	0	1	0	289-3.png
2.0	0.0	0.0	2.0	2.0	2.0	1.0	2	2	1	2	1	0	1	0	289-4.png
1.0	0.0	2.0	2.0	2.0	2.0	3.0	2	2	1	2	1	0	0	0	290-0.png
2.0	0.0	2.0	2.0	1.0	1.0	5.0	1	1	1	1	1	0	0	0	291-0.png
2.0	0.0	2.0	0.0	1.0	1.0	5.0	1	1	1	1	1	1	0	2	291-1.png
2.0	0.0	2.0	0.0	1.0	1.0	5.0	1	1	1	1	1	1	0	2	291-2.png
2.0	0.0	2.0	0.0	1.0	1.0	5.0	1	1	1	1	1	1	0	2	291-3.png
2.0	0.0	2.0	2.0	2.0	2.0	1.0	2	2	1	2	1	0	0	0	292-0.png
2.0	1.0	2.0	2.0	2.0	2.0	1.0	2	2	0	2	1	0	0	0	292-1.png
2.0	0.0	2.0	2.0	2.0	2.0	1.0	2	2	1	2	1	0	0	0	292-2.png
2.0	1.0	2.0	2.0	2.0	2.0	1.0	2	2	0	2	1	0	0	0	292-3.png
1.0	0.0	2.0	0.0	2.0	2.0	1.0	2	2	1	0	1	1	0	2	292-4.png
2.0	0.0	2.0	0.0	2.0	1.0	2.0	2	1	1	0	1	1	0	2	293-0.png
2.0	0.0	2.0	2.0	1.0	1.0	2.0	2	1	1	1	1	0	0	0	293-1.png
2.0	0.0	2.0	0.0	1.0	1.0	2.0	2	1	1	1	1	1	0	2	293-2.png
2.0	0.0	2.0	2.0	2.0	1.0	2.0	2	1	1	2	1	0	0	0	293-3.png
1.0	1.0	2.0	0.0	2.0	1.0	2.0	2	1	0	0	1	1	0	2	293-4.png
2.0	0.0	0.0	0.0	1.0	0.0	1.0	2	0	1	1	1	1	1	2	294-0.png
2.0	1.0	0.0	0.0	1.0	0.0	1.0	2	0	0	1	1	1	1	2	294-1.png
1.0	0.0	0.0	0.0	1.0	0.0	5.0	1	0	1	1	1	1	1	2	294-2.png
2.0	1.0	0.0	0.0	1.0	0.0	5.0	1	0	0	1	1	1	1	2	294-3.png
2.0	1.0	2.0	2.0	1.0	0.0	6.0	2	2	0	1	2	0	0	0	295-0.png
2.0	0.0	2.0	2.0	1.0	0.0	5.0	1	2	1	1	1	0	0	0	295-1.png
2.0	1.0	0.0	1.0	2.0	0.0	2.0	2	0	0	1	1	2	1	1	296-0.png
2.0	1.0	0.0	1.0	2.0	0.0	2.0	2	0	0	1	1	2	1	1	296-1.png
0.0	1.0	0.0	1.0	1.0	0.0	2.0	0	0	0	1	1	2	1	1	296-2.png
0.0	0.0	2.0	2.0	2.0	0.0	2.0	0	2	1	2	1	0	0	0	297-0.png
0.0	0.0	2.0	0.0	2.0	0.0	2.0	0	2	1	0	1	1	0	2	297-1.png
0.0	0.0	2.0	0.0	2.0	0.0	2.0	0	2	1	0	1	1	0	2	297-2.png
2.0	1.0	1.0	0.0	0.0	0.0	3.0	2	1	2	0	1	1	2	2	298-0.png
2.0	0.0	1.0	0.0	0.0	0.0	3.0	2	1	1	0	1	1	2	2	298-1.png
2.0	0.0	2.0	0.0	0.0	0.0	3.0	2	2	1	0	1	1	0	2	298-2.png
2.0	0.0	0.0	2.0	2.0	0.0	3.0	2	0	1	2	1	0	1	0	299-0.png
2.0	0.0	0.0	1.0	1.0	0.0	3.0	2	0	1	1	1	2	1	1	299-1.png
2.0	0.0	0.0	1.0	1.0	0.0	3.0	2	0	1	1	1	2	1	1	299-2.png
0.0	0.0	2.0	2.0	2.0	0.0	2.0	0	2	1	2	1	0	0	0	300-0.png
0.0	0.0	2.0	2.0	2.0	0.0	2.0	0	2	1	2	1	0	0	0	300-1.png
2.0	0.0	2.0	2.0	2.0	0.0	6.0	2	2	1	2	0	0	0	0	300-2.png
2.0	1.0	0.0	2.0	1.0	0.0	3.0	2	0	0	1	1	0	1	0	301-0.png
1.0	1.0	0.0	1.0	1.0	0.0	2.0	2	0	0	1	1	2	1	1	301-1.png
2.0	0.0	0.0	2.0	1.0	0.0	6.0	2	0	1	1	0	0	1	0	302-0.png
2.0	1.0	0.0	2.0	1.0	2.0	5.0	1	2	0	1	1	0	1	0	303-0.png
0.0	0.0	2.0	0.0	1.0	0.0	2.0	0	2	1	1	1	1	0	2	304-0.png
2.0	0.0	0.0	2.0	1.0	2.0	1.0	2	2	1	1	1	0	1	0	305-0.png
0.0	0.0	2.0	2.0	1.0	2.0	3.0	0	2	1	1	1	0	0	0	307-0.png
0.0	0.0	0.0	2.0	1.0	0.0	4.0	0	0	1	1	1	0	1	0	308-0.png
2.0	1.0	0.0	1.0	1.0	0.0	3.0	2	0	0	1	1	2	1	1	310-0.png
2.0	1.0	2.0	0.0	2.0	1.0	3.0	2	1	0	0	1	1	0	2	312-0.png
0.0	0.0	0.0	1.0	1.0	2.0	2.0	0	2	1	1	1	2	1	1	313-0.png
0.0	1.0	0.0	1.0	1.0	2.0	4.0	0	2	0	1	1	2	1	1	314-0.png
2.0	1.0	2.0	2.0	2.0	2.0	3.0	2	2	0	2	1	0	0	0	315-0.png
2.0	1.0	2.0	2.0	1.0	2.0	2.0	2	2	0	1	1	0	0	0	315-1.png
2.0	0.0	2.0	2.0	2.0	2.0	4.0	2	2	1	2	1	0	0	0	315-2.png
0.0	0.0	0.0	2.0	1.0	2.0	3.0	0	2	1	1	1	0	1	0	315-3.png
0.0	0.0	2.0	2.0	2.0	2.0	3.0	0	2	1	2	1	0	0	0	315-4.png
2.0	0.0	2.0	0.0	1.0	2.0	3.0	2	2	1	1	1	1	0	2	315-5.png
0.0	0.0	2.0	2.0	1.0	2.0	3.0	0	2	1	1	1	0	0	0	315-6.png
2.0	1.0	0.0	1.0	2.0	1.0	5.0	1	1	0	1	1	2	1	1	316-0.png
0.0	0.0	1.0	0.0	0.0	1.0	6.0	0	1	1	0	0	1	2	2	317-0.png
2.0	0.0	1.0	0.0	0.0	2.0	1.0	2	1	1	0	1	1	2	2	318-0.png
1.0	1.0	0.0	2.0	0.0	0.0	2.0	2	0	0	0	1	0	1	2	319-0.png
2.0	0.0	2.0	2.0	1.0	0.0	1.0	2	2	1	1	1	0	0	0	320-0.png
2.0	0.0	0.0	2.0	2.0	0.0	1.0	2	0	1	2	1	0	1	0	320-1.png
2.0	0.0	1.0	0.0	2.0	1.0	6.0	2	1	1	0	0	1	0	2	321-0.png
2.0	0.0	1.0	0.0	2.0	2.0	1.0	2	1	1	0	1	1	0	2	321-1.png
2.0	0.0	2.0	2.0	2.0	1.0	5.0	1	1	1	2	1	0	0	0	322-0.png
0.0	1.0	0.0	2.0	2.0	1.0	2.0	0	1	0	2	1	0	1	0	323-0.png
2.0	0.0	1.0	0.0	2.0	2.0	1.0	2	1	1	0	1	2	0	2	324-0.png
2.0	1.0	1.0	0.0	2.0	2.0	1.0	2	1	2	0	1	1	0	2	324-1.png
1.0	1.0	2.0	2.0	1.0	1.0	5.0	1	1	0	1	1	0	0	0	325-0.png
0.0	1.0	0.0	2.0	1.0	1.0	6.0	0	1	0	1	2	0	1	0	325-1.png
2.0	0.0	1.0	0.0	1.0	2.0	5.0	1	1	1	1	1	1	0	2	326-0.png
2.0	0.0	1.0	0.0	2.0	1.0	2.0	2	1	1	0	1	1	0	2	327-0.png
2.0	1.0	2.0	0.0	0.0	2.0	0.0	0	2	0	0	1	1	0	2	328-0.png
2.0	0.0	2.0	0.0	0.0	2.0	0.0	0	2	1	0	1	1	0	2	328-1.png
2.0	0.0	0.0	2.0	1.0	0.0	5.0	1	0	1	1	1	0	1	0	329-0.png
2.0	0.0	2.0	2.0	2.0	0.0	5.0	1	2	1	2	1	0	0	0	329-1.png
0.0	0.0	2.0	0.0	2.0	0.0	5.0	0	2	1	0	1	1	0	2	330-0.png
0.0	0.0	1.0	0.0	0.0	0.0	5.0	0	1	1	0	1	1	2	2	330-1.png
2.0	0.0	1.0	0.0	2.0	0.0	5.0	1	1	1	0	1	1	0	2	330-2.png
2.0	0.0	2.0	0.0	2.0	0.0	5.0	1	2	1	0	1	1	0	2	330-3.png
2.0	0.0	0.0	2.0	1.0	0.0	2.0	2	0	1	1	1	0	1	0	331-0.png
2.0	1.0	2.0	2.0	2.0	2.0	3.0	2	2	0	2	1	0	0	0	332-0.png
2.0	0.0	1.0	0.0	2.0	2.0	3.0	2	1	1	0	1	1	0	2	332-1.png
2.0	0.0	2.0	0.0	2.0	2.0	3.0	2	2	1	0	1	1	0	2	332-2.png
2.0	0.0	2.0	0.0	2.0	2.0	3.0	2	2	1	0	1	1	0	2	332-3.png
2.0	0.0	2.0	0.0	2.0	2.0	3.0	2	2	1	0	1	1	0	2	332-4.png
0.0	0.0	2.0	0.0	2.0	2.0	3.0	0	2	1	0	1	1	0	2	332-5.png
1.0	0.0	2.0	0.0	2.0	2.0	3.0	2	2	1	0	1	1	0	2	332-6.png
2.0	0.0	1.0	0.0	2.0	2.0	3.0	2	1	1	0	1	1	0	2	332-7.png
1.0	1.0	0.0	2.0	1.0	0.0	5.0	1	0	0	1	1	0	1	0	333-0.png
0.0	1.0	0.0	2.0	2.0	0.0	5.0	0	0	0	2	1	0	1	0	333-1.png
2.0	0.0	0.0	2.0	2.0	0.0	1.0	2	0	1	2	1	0	1	0	333-2.png
2.0	1.0	0.0	2.0	2.0	0.0	6.0	2	0	0	2	2	0	1	0	333-3.png
2.0	0.0	0.0	2.0	2.0	0.0	6.0	2	0	1	2	0	0	1	0	333-4.png
2.0	0.0	0.0	2.0	2.0	0.0	6.0	2	0	1	2	0	0	1	0	333-5.png
2.0	1.0	2.0	2.0	2.0	0.0	6.0	2	2	0	2	2	0	0	0	333-6.png
0.0	0.0	2.0	2.0	2.0	0.0	6.0	0	2	1	2	0	0	0	0	333-7.png
2.0	0.0	2.0	2.0	2.0	0.0	6.0	2	2	1	2	0	0	0	0	333-8.png
0.0	0.0	1.0	0.0	0.0	2.0	6.0	0	1	1	0	0	1	2	2	334-0.png
1.0	0.0	1.0	0.0	0.0	2.0	6.0	2	1	1	0	0	1	2	2	334-1.png
0.0	0.0	1.0	0.0	0.0	2.0	6.0	0	1	1	0	0	1	2	2	334-2.png
2.0	0.0	1.0	0.0	2.0	2.0	6.0	2	1	1	0	0	1	0	2	334-3.png
0.0	0.0	1.0	0.0	0.0	2.0	5.0	0	1	1	0	1	1	2	2	334-4.png
0.0	0.0	1.0	0.0	0.0	2.0	5.0	0	1	1	0	1	1	2	2	334-5.png
2.0	0.0	1.0	0.0	0.0	2.0	5.0	1	1	1	0	1	1	2	2	334-6.png
2.0	0.0	1.0	0.0	0.0	2.0	5.0	1	1	1	0	1	1	2	2	334-7.png
2.0	0.0	1.0	0.0	0.0	2.0	6.0	2	1	1	0	0	2	2	2	334-8.png
0.0	0.0	2.0	2.0	2.0	0.0	2.0	0	2	1	2	1	0	0	0	335-0.png
0.0	0.0	2.0	2.0	2.0	0.0	2.0	0	2	1	2	1	0	0	0	335-1.png
0.0	0.0	2.0	0.0	2.0	0.0	2.0	0	2	1	0	1	1	0	2	335-2.png
0.0	0.0	2.0	0.0	2.0	0.0	2.0	0	2	1	0	1	1	0	2	335-3.png
0.0	0.0	2.0	2.0	2.0	0.0	2.0	0	2	1	2	1	0	0	0	335-4.png
0.0	0.0	2.0	2.0	1.0	0.0	2.0	0	2	1	1	1	0	0	0	335-5.png
0.0	0.0	2.0	0.0	2.0	0.0	2.0	0	2	1	0	1	1	0	2	335-6.png
2.0	0.0	2.0	0.0	2.0	0.0	2.0	2	2	1	0	1	1	0	2	335-7.png
2.0	0.0	2.0	2.0	1.0	0.0	6.0	2	2	1	1	0	0	0	0	336-0.png
0.0	0.0	2.0	2.0	1.0	0.0	6.0	0	2	1	1	0	0	0	0	336-1.png
0.0	0.0	2.0	2.0	1.0	0.0	6.0	0	2	1	1	0	0	0	0	336-2.png
2.0	0.0	2.0	2.0	1.0	0.0	6.0	2	2	1	1	0	1	0	0	336-3.png
0.0	0.0	2.0	2.0	1.0	0.0	5.0	0	2	1	1	1	0	0	0	336-4.png
0.0	0.0	2.0	2.0	1.0	0.0	6.0	0	2	1	1	0	0	0	0	336-5.png
2.0	0.0	2.0	2.0	1.0	0.0	6.0	2	2	1	1	0	0	0	0	336-6.png
0.0	0.0	2.0	2.0	1.0	0.0	6.0	0	2	1	1	0	0	0	0	336-7.png
2.0	0.0	2.0	2.0	1.0	0.0	6.0	2	2	1	1	0	0	0	0	336-8.png
2.0	1.0	1.0	0.0	2.0	1.0	1.0	2	1	2	0	1	1	0	2	337-0.png
0.0	0.0	1.0	0.0	2.0	1.0	0.0	0	1	1	0	1	1	0	2	337-1.png
2.0	0.0	1.0	0.0	2.0	1.0	1.0	2	1	1	0	1	1	0	2	337-2.png
0.0	0.0	2.0	0.0	2.0	1.0	0.0	0	1	1	0	1	1	0	2	337-3.png
2.0	1.0	2.0	0.0	2.0	1.0	0.0	0	1	0	0	1	1	0	2	337-4.png
0.0	0.0	2.0	0.0	2.0	1.0	0.0	0	1	1	0	1	1	0	2	337-5.png
0.0	0.0	1.0	0.0	2.0	1.0	1.0	0	1	1	0	1	1	0	2	337-6.png
0.0	0.0	1.0	0.0	2.0	1.0	0.0	0	1	1	0	1	1	0	2	337-7.png
0.0	0.0	2.0	2.0	2.0	2.0	0.0	0	2	1	2	1	0	0	0	337-8.png
2.0	1.0	2.0	2.0	1.0	2.0	2.0	2	2	0	1	1	0	0	0	338-0.png
2.0	0.0	2.0	2.0	1.0	2.0	2.0	2	2	1	1	1	0	0	0	338-1.png
0.0	0.0	0.0	2.0	1.0	2.0	2.0	0	2	1	1	1	0	1	0	338-2.png
0.0	0.0	2.0	2.0	1.0	2.0	2.0	0	2	1	1	1	0	0	0	338-3.png
0.0	1.0	2.0	2.0	1.0	2.0	2.0	0	2	0	1	1	0	0	0	338-4.png
0.0	0.0	2.0	2.0	1.0	2.0	3.0	0	2	1	1	1	0	0	0	338-5.png
2.0	0.0	2.0	2.0	1.0	2.0	2.0	2	2	1	1	1	0	0	0	338-6.png
0.0	1.0	2.0	2.0	1.0	2.0	2.0	0	2	0	1	1	0	0	0	338-7.png
2.0	0.0	2.0	2.0	1.0	2.0	2.0	2	2	1	1	1	0	0	0	338-8.png
0.0	0.0	2.0	0.0	2.0	2.0	5.0	0	2	1	0	1	1	0	2	339-0.png
0.0	0.0	2.0	0.0	2.0	2.0	5.0	0	2	1	0	1	1	0	2	339-1.png
0.0	0.0	2.0	0.0	2.0	2.0	6.0	0	2	1	0	0	1	0	2	339-2.png
2.0	0.0	1.0	0.0	2.0	0.0	2.0	2	1	1	0	1	1	0	2	339-3.png
0.0	0.0	2.0	0.0	2.0	2.0	5.0	0	2	1	0	1	1	0	2	339-4.png
0.0	0.0	2.0	0.0	2.0	2.0	6.0	0	2	1	0	0	1	0	2	339-5.png
2.0	0.0	2.0	2.0	2.0	2.0	6.0	2	2	1	2	0	0	0	0	339-6.png
0.0	0.0	2.0	0.0	2.0	2.0	6.0	0	2	1	0	0	1	0	2	339-7.png
0.0	0.0	2.0	0.0	2.0	2.0	6.0	0	2	1	0	0	1	0	2	339-8.png
2.0	0.0	2.0	0.0	2.0	2.0	6.0	2	2	1	0	0	1	0	2	339-9.png
2.0	0.0	2.0	0.0	2.0	0.0	2.0	2	2	1	0	1	1	0	2	340-0.png
0.0	0.0	2.0	0.0	2.0	0.0	2.0	0	2	1	0	1	1	0	2	340-1.png
2.0	0.0	2.0	0.0	2.0	0.0	2.0	2	2	1	0	1	1	0	2	340-2.png
2.0	0.0	2.0	0.0	2.0	0.0	2.0	2	2	1	0	1	1	0	2	340-3.png
2.0	0.0	2.0	0.0	2.0	0.0	2.0	2	2	1	0	1	1	0	2	340-4.png
2.0	0.0	1.0	0.0	2.0	0.0	2.0	2	1	1	0	1	1	0	2	340-5.png
0.0	0.0	2.0	0.0	2.0	0.0	2.0	0	2	1	0	1	1	0	2	340-6.png
2.0	0.0	2.0	0.0	2.0	0.0	2.0	2	2	1	0	1	1	0	2	340-7.png
2.0	1.0	0.0	2.0	1.0	2.0	3.0	2	2	0	1	1	0	1	0	341-0.png
0.0	1.0	0.0	2.0	1.0	2.0	3.0	0	2	0	1	1	0	1	0	341-2.png
0.0	0.0	0.0	2.0	1.0	2.0	3.0	0	2	1	1	1	0	1	0	341-3.png
2.0	1.0	0.0	2.0	2.0	2.0	3.0	2	2	0	2	1	0	1	0	341-4.png
2.0	1.0	0.0	2.0	1.0	2.0	3.0	2	2	0	1	1	0	1	0	341-5.png
2.0	0.0	0.0	2.0	2.0	2.0	2.0	2	2	1	2	1	0	1	0	341-6.png
0.0	0.0	0.0	2.0	2.0	2.0	3.0	0	2	1	2	1	0	1	0	341-7.png
2.0	1.0	0.0	2.0	2.0	2.0	3.0	2	2	0	2	1	0	1	0	341-8.png
2.0	0.0	0.0	2.0	2.0	2.0	3.0	2	2	1	2	1	0	1	0	341-9.png
2.0	0.0	2.0	2.0	2.0	0.0	1.0	2	2	1	2	1	0	0	0	342-0.png
2.0	0.0	2.0	0.0	2.0	0.0	1.0	2	2	1	0	1	1	0	2	342-1.png
2.0	0.0	2.0	2.0	2.0	0.0	1.0	2	2	1	2	1	0	0	0	342-2.png
2.0	0.0	2.0	2.0	2.0	0.0	1.0	2	2	1	2	1	0	0	0	342-3.png
2.0	0.0	2.0	2.0	2.0	0.0	1.0	2	2	1	2	1	0	0	0	342-4.png
2.0	0.0	2.0	2.0	2.0	0.0	1.0	2	2	1	2	1	0	0	0	342-5.png
0.0	0.0	2.0	2.0	2.0	0.0	1.0	0	2	1	2	1	0	0	0	342-6.png
2.0	0.0	2.0	2.0	2.0	0.0	1.0	2	2	1	2	1	0	0	0	342-7.png
2.0	0.0	2.0	2.0	2.0	0.0	1.0	2	2	1	2	1	0	0	0	342-8.png
0.0	0.0	1.0	0.0	2.0	1.0	2.0	0	1	1	0	1	1	0	2	343-0.png
0.0	0.0	1.0	0.0	2.0	1.0	2.0	0	1	1	0	1	1	0	2	343-1.png
0.0	0.0	1.0	0.0	2.0	1.0	2.0	0	1	1	0	1	1	0	2	343-2.png
2.0	0.0	1.0	0.0	2.0	1.0	2.0	2	1	1	0	1	1	0	2	343-3.png
2.0	0.0	1.0	0.0	0.0	1.0	2.0	2	1	1	0	1	1	2	2	343-4.png
0.0	0.0	1.0	0.0	2.0	1.0	2.0	0	1	1	0	1	1	0	2	343-5.png
0.0	0.0	1.0	0.0	2.0	1.0	2.0	0	1	1	0	1	1	0	2	343-6.png
2.0	0.0	1.0	0.0	2.0	1.0	2.0	2	1	1	0	1	1	0	2	343-7.png
0.0	0.0	1.0	0.0	2.0	2.0	2.0	0	1	1	0	1	1	0	2	343-8.png
2.0	1.0	2.0	2.0	1.0	0.0	3.0	2	2	0	1	1	0	0	0	344-0.png
2.0	1.0	2.0	2.0	1.0	0.0	3.0	2	2	0	1	1	0	0	0	344-1.png
2.0	0.0	2.0	0.0	2.0	0.0	3.0	2	2	1	0	1	1	0	2	344-10.png
0.0	1.0	2.0	2.0	1.0	0.0	3.0	0	2	0	1	1	0	0	0	344-2.png
0.0	1.0	2.0	2.0	1.0	0.0	3.0	0	2	0	1	1	0	0	0	344-3.png
1.0	1.0	2.0	2.0	2.0	0.0	3.0	2	2	0	2	1	0	0	0	344-4.png
2.0	0.0	2.0	0.0	2.0	0.0	3.0	2	2	1	0	1	1	0	2	344-5.png
2.0	1.0	0.0	2.0	1.0	1.0	4.0	2	1	0	1	1	0	1	0	344-6.png
1.0	0.0	0.0	2.0	1.0	1.0	4.0	2	1	1	1	1	0	1	0	344-7.png
2.0	0.0	2.0	0.0	2.0	0.0	3.0	2	2	1	0	1	1	0	2	344-8.png
0.0	1.0	2.0	0.0	2.0	0.0	3.0	0	2	0	0	1	1	0	2	344-9.png
2.0	1.0	0.0	2.0	1.0	1.0	4.0	2	1	0	1	1	0	1	0	345-0.png
1.0	1.0	0.0	2.0	1.0	1.0	4.0	2	1	0	1	1	0	1	0	345-1.png
2.0	0.0	0.0	2.0	1.0	1.0	4.0	2	1	1	1	1	0	1	0	345-2.png
2.0	1.0	0.0	2.0	1.0	1.0	4.0	2	1	0	1	1	0	1	0	345-3.png
2.0	0.0	0.0	2.0	1.0	1.0	4.0	2	1	1	1	1	0	1	0	345-4.png
2.0	0.0	2.0	2.0	1.0	1.0	4.0	2	1	1	1	1	0	0	0	345-5.png
2.0	1.0	0.0	2.0	1.0	1.0	4.0	2	1	0	1	1	0	1	0	345-6.png
0.0	1.0	0.0	2.0	1.0	1.0	4.0	0	1	0	1	1	0	1	0	346-0.png
0.0	0.0	0.0	2.0	1.0	1.0	4.0	0	1	1	1	1	0	1	0	346-1.png
0.0	0.0	0.0	2.0	1.0	1.0	4.0	0	1	1	1	1	0	1	0	346-2.png
0.0	0.0	0.0	2.0	1.0	1.0	4.0	0	1	1	1	1	0	1	0	346-3.png
0.0	1.0	0.0	2.0	2.0	1.0	4.0	0	1	0	2	1	0	1	0	346-4.png
0.0	0.0	0.0	2.0	1.0	1.0	4.0	0	1	1	1	1	0	1	0	346-5.png
2.0	0.0	0.0	2.0	1.0	1.0	4.0	2	1	1	1	1	0	1	0	346-6.png
0.0	0.0	0.0	2.0	1.0	1.0	4.0	0	1	1	1	1	0	1	0	346-7.png
2.0	0.0	0.0	2.0	2.0	2.0	4.0	2	2	1	2	1	0	1	0	346-8.png
2.0	1.0	0.0	2.0	1.0	1.0	5.0	1	1	0	1	1	0	1	0	347-0.png
0.0	0.0	2.0	2.0	1.0	1.0	5.0	0	1	1	1	1	0	0	0	347-1.png
2.0	0.0	2.0	2.0	1.0	1.0	5.0	1	1	1	1	1	0	0	0	347-2.png
2.0	0.0	0.0	2.0	1.0	1.0	5.0	1	1	1	1	1	0	1	0	347-3.png
2.0	1.0	2.0	2.0	1.0	1.0	5.0	1	1	0	1	1	0	0	0	347-4.png
0.0	0.0	0.0	2.0	1.0	1.0	5.0	0	1	1	1	1	0	1	0	347-5.png
0.0	0.0	0.0	2.0	1.0	1.0	5.0	0	1	1	1	1	0	1	0	347-6.png
0.0	0.0	0.0	2.0	1.0	1.0	5.0	0	1	1	1	1	0	1	0	347-7.png
2.0	0.0	2.0	2.0	1.0	1.0	5.0	1	1	1	1	1	0	0	0	347-8.png
2.0	0.0	2.0	2.0	1.0	2.0	1.0	2	2	1	1	1	0	0	0	348-0.png
2.0	0.0	2.0	0.0	1.0	2.0	1.0	2	2	1	1	1	1	0	2	348-1.png
2.0	1.0	2.0	2.0	1.0	2.0	1.0	2	2	0	1	1	0	0	0	348-2.png
2.0	0.0	2.0	2.0	1.0	2.0	1.0	2	2	1	1	1	0	0	0	348-3.png
2.0	0.0	2.0	0.0	2.0	2.0	1.0	2	2	1	0	1	1	0	2	348-4.png
2.0	1.0	2.0	0.0	2.0	2.0	1.0	2	2	0	0	1	1	0	2	348-5.png
2.0	0.0	2.0	0.0	1.0	2.0	1.0	2	2	1	1	1	1	0	2	348-6.png
2.0	0.0	2.0	0.0	1.0	2.0	1.0	2	2	1	1	1	1	0	2	348-7.png
0.0	0.0	2.0	0.0	1.0	2.0	1.0	0	2	1	1	1	1	0	2	348-8.png
0.0	0.0	1.0	0.0	0.0	1.0	5.0	0	1	1	0	1	1	2	2	349-0.png
0.0	0.0	1.0	0.0	0.0	1.0	5.0	0	1	1	0	1	1	2	2	349-1.png
2.0	0.0	1.0	0.0	0.0	1.0	5.0	1	1	1	0	1	1	2	2	349-2.png
2.0	0.0	1.0	0.0	0.0	1.0	5.0	1	1	1	0	1	1	2	2	349-3.png
2.0	0.0	1.0	0.0	0.0	1.0	5.0	1	1	1	0	1	1	2	2	349-4.png
2.0	0.0	1.0	0.0	0.0	1.0	5.0	1	1	1	0	1	1	2	2	349-5.png
0.0	0.0	1.0	0.0	0.0	1.0	5.0	0	1	1	0	1	1	2	2	349-6.png
2.0	0.0	1.0	0.0	0.0	1.0	5.0	1	1	1	0	1	1	2	2	349-7.png
2.0	0.0	1.0	0.0	0.0	1.0	5.0	1	1	1	0	1	1	2	2	349-8.png
2.0	1.0	1.0	0.0	1.0	2.0	4.0	2	1	2	1	1	1	0	2	350-0.png
2.0	1.0	1.0	0.0	1.0	2.0	4.0	2	1	2	1	1	1	0	2	350-1.png
2.0	0.0	1.0	0.0	1.0	2.0	4.0	2	1	1	1	1	1	0	2	350-2.png
2.0	1.0	1.0	0.0	1.0	2.0	4.0	2	1	2	1	1	1	0	2	350-3.png
2.0	0.0	2.0	2.0	1.0	2.0	1.0	2	2	1	1	1	0	0	0	351-0.png
2.0	1.0	2.0	2.0	1.0	2.0	1.0	2	2	0	1	1	0	0	0	351-1.png
2.0	1.0	0.0	2.0	1.0	2.0	1.0	2	2	0	1	1	0	1	0	351-2.png
2.0	1.0	2.0	2.0	1.0	2.0	1.0	2	2	0	1	1	0	0	0	351-3.png
0.0	0.0	2.0	2.0	1.0	2.0	1.0	0	2	1	1	1	0	0	0	351-4.png
2.0	0.0	2.0	2.0	1.0	2.0	3.0	2	2	1	1	1	0	0	0	352-0.png
2.0	0.0	2.0	2.0	0.0	2.0	3.0	2	2	1	0	1	0	0	2	352-1.png
2.0	0.0	2.0	2.0	1.0	2.0	3.0	2	2	1	1	1	0	0	0	352-2.png
1.0	0.0	2.0	2.0	2.0	2.0	4.0	2	2	1	2	1	0	0	0	352-3.png
0.0	0.0	2.0	0.0	2.0	2.0	3.0	0	2	1	0	1	1	0	2	352-4.png
2.0	0.0	2.0	2.0	2.0	2.0	5.0	1	2	1	2	1	0	0	0	353-0.png
2.0	0.0	2.0	0.0	1.0	0.0	5.0	1	2	1	1	1	1	0	2	353-1.png
2.0	1.0	2.0	2.0	1.0	0.0	2.0	2	2	0	1	1	0	0	0	353-2.png
2.0	1.0	2.0	2.0	1.0	0.0	2.0	2	2	0	1	1	0	0	0	353-3.png
1.0	0.0	2.0	2.0	1.0	0.0	2.0	2	2	1	1	1	0	0	0	353-4.png
2.0	1.0	0.0	2.0	2.0	2.0	5.0	1	2	0	2	1	0	1	0	354-0.png
1.0	0.0	2.0	2.0	0.0	1.0	5.0	1	1	1	0	1	0	0	2	354-1.png
2.0	1.0	0.0	2.0	2.0	2.0	1.0	2	2	0	2	1	0	1	0	354-2.png
2.0	1.0	2.0	2.0	2.0	1.0	1.0	2	1	0	2	1	0	0	0	354-3.png
2.0	1.0	2.0	2.0	2.0	1.0	1.0	2	1	0	2	1	0	0	0	354-4.png
2.0	0.0	2.0	0.0	1.0	2.0	4.0	2	2	1	1	1	1	0	2	355-0.png
2.0	0.0	2.0	0.0	1.0	0.0	4.0	2	2	1	1	1	1	0	2	355-1.png
2.0	1.0	1.0	0.0	1.0	0.0	4.0	2	1	2	1	1	1	0	2	355-2.png
2.0	1.0	1.0	0.0	1.0	0.0	4.0	2	1	2	1	1	1	0	2	355-3.png
2.0	0.0	2.0	0.0	1.0	0.0	4.0	2	2	1	1	1	1	0	2	355-4.png
0.0	0.0	0.0	2.0	1.0	0.0	3.0	0	0	1	1	1	0	1	0	356-0.png
0.0	0.0	0.0	2.0	1.0	0.0	3.0	0	0	1	1	1	0	1	0	356-1.png
2.0	1.0	2.0	2.0	2.0	0.0	2.0	2	2	0	2	1	0	0	0	357-0.png
2.0	1.0	2.0	2.0	1.0	0.0	2.0	2	2	0	1	1	0	0	0	357-1.png
2.0	1.0	2.0	0.0	2.0	0.0	2.0	2	2	0	0	1	1	0	2	357-2.png
0.0	0.0	2.0	2.0	1.0	0.0	2.0	0	2	1	1	1	0	0	0	359-0.png
0.0	1.0	0.0	2.0	1.0	0.0	2.0	0	0	0	1	1	0	1	0	360-0.png
1.0	0.0	0.0	1.0	1.0	0.0	6.0	2	0	1	1	0	2	1	1	361-0.png
2.0	0.0	2.0	0.0	1.0	1.0	2.0	2	1	1	1	1	1	0	2	362-0.png
2.0	0.0	2.0	0.0	2.0	1.0	5.0	1	1	1	0	1	1	0	2	363-0.png
0.0	0.0	0.0	1.0	1.0	2.0	1.0	0	2	1	1	1	2	1	1	364-0.png
0.0	0.0	0.0	2.0	1.0	1.0	5.0	0	1	1	1	1	0	1	0	364-1.png
2.0	1.0	2.0	2.0	2.0	1.0	3.0	2	1	0	2	1	0	0	0	365-0.png
2.0	0.0	2.0	0.0	2.0	2.0	5.0	1	2	1	0	1	1	0	2	366-0.png
0.0	1.0	2.0	0.0	2.0	2.0	1.0	0	2	0	0	1	1	0	2	367-0.png
2.0	0.0	1.0	0.0	2.0	1.0	4.0	2	1	1	0	1	1	0	2	368-0.png
2.0	1.0	2.0	0.0	2.0	2.0	5.0	1	2	0	0	1	1	0	2	369-0.png
2.0	0.0	2.0	2.0	1.0	2.0	1.0	2	2	1	1	1	0	0	0	370-0.png
2.0	0.0	1.0	0.0	0.0	2.0	3.0	2	1	1	0	1	1	2	2	371-0.png
2.0	0.0	0.0	2.0	2.0	2.0	4.0	2	2	1	2	1	0	1	0	372-0.png
2.0	0.0	2.0	0.0	2.0	0.0	4.0	2	2	1	0	1	1	0	2	373-0.png
0.0	1.0	1.0	0.0	2.0	1.0	2.0	0	1	2	0	1	1	0	2	375-0.png
0.0	0.0	2.0	2.0	0.0	0.0	6.0	0	2	1	0	0	0	0	2	376-0.png
2.0	1.0	2.0	0.0	2.0	2.0	5.0	1	2	0	0	1	1	0	2	377-0.png
2.0	0.0	1.0	0.0	2.0	2.0	6.0	2	1	1	0	0	1	0	2	378-0.png
2.0	0.0	1.0	0.0	2.0	1.0	1.0	2	1	1	0	1	1	0	2	379-0.png
0.0	0.0	2.0	0.0	2.0	1.0	1.0	0	1	1	0	1	1	0	2	379-1.png
2.0	1.0	2.0	0.0	2.0	2.0	3.0	2	2	0	0	1	1	0	2	380-0.png
2.0	1.0	2.0	0.0	1.0	2.0	3.0	2	2	0	1	1	1	0	2	380-1.png
2.0	1.0	0.0	1.0	1.0	0.0	3.0	2	0	0	1	1	2	1	1	382-0.png
0.0	1.0	0.0	2.0	0.0	0.0	3.0	0	0	0	0	1	0	1	2	382-1.png
2.0	0.0	1.0	0.0	1.0	2.0	0.0	0	1	1	1	1	1	0	2	383-0.png
1.0	1.0	2.0	2.0	1.0	2.0	0.0	0	2	0	1	1	0	0	0	383-1.png
2.0	1.0	2.0	2.0	2.0	1.0	2.0	2	1	0	2	1	0	0	0	384-0.png
0.0	1.0	0.0	2.0	2.0	1.0	2.0	0	1	0	2	1	0	1	0	384-1.png
2.0	1.0	2.0	2.0	0.0	1.0	5.0	1	1	0	0	1	0	0	2	384-2.png
2.0	1.0	0.0	2.0	2.0	1.0	2.0	2	1	0	2	1	0	1	0	384-3.png
0.0	1.0	2.0	2.0	0.0	1.0	2.0	0	1	0	0	1	0	0	2	384-4.png
0.0	0.0	2.0	2.0	0.0	1.0	6.0	0	1	1	0	0	0	0	2	384-5.png
0.0	1.0	2.0	2.0	2.0	1.0	6.0	0	1	0	2	2	0	0	0	384-6.png
0.0	1.0	2.0	2.0	2.0	1.0	2.0	0	1	0	2	1	0	0	0	384-7.png
2.0	0.0	2.0	0.0	2.0	1.0	6.0	2	1	1	0	0	1	0	2	384-8.png
0.0	1.0	0.0	2.0	1.0	1.0	6.0	0	1	0	1	2	0	1	0	384-9.png
1.0	1.0	0.0	2.0	1.0	0.0	3.0	2	0	0	1	1	0	1	0	385-0.png
2.0	0.0	0.0	2.0	1.0	0.0	3.0	2	0	1	1	1	0	1	0	385-1.png
2.0	1.0	0.0	2.0	2.0	0.0	3.0	2	0	0	2	1	0	1	0	385-2.png
2.0	0.0	0.0	2.0	1.0	0.0	3.0	2	0	1	1	1	0	1	0	385-3.png
2.0	0.0	0.0	2.0	1.0	0.0	3.0	2	0	1	1	1	0	1	0	385-4.png
1.0	0.0	2.0	2.0	1.0	1.0	4.0	2	1	1	1	1	0	0	0	386-0.png
0.0	0.0	2.0	2.0	2.0	1.0	4.0	0	1	1	2	1	0	0	0	386-1.png
2.0	0.0	2.0	2.0	1.0	1.0	4.0	2	1	1	1	1	0	0	0	386-3.png
2.0	0.0	2.0	0.0	1.0	1.0	4.0	2	1	1	1	1	1	0	2	386-4.png
2.0	0.0	2.0	2.0	1.0	1.0	4.0	2	1	1	1	1	0	0	0	386-5.png
1.0	0.0	2.0	2.0	2.0	2.0	3.0	2	2	1	2	1	0	0	0	387-0.png
2.0	1.0	2.0	0.0	2.0	2.0	4.0	2	2	0	0	1	1	0	2	387-1.png
2.0	0.0	2.0	2.0	2.0	0.0	3.0	2	2	1	2	1	0	0	0	387-2.png
2.0	1.0	2.0	0.0	2.0	2.0	4.0	2	2	0	0	1	1	0	2	387-3.png
2.0	1.0	2.0	2.0	2.0	0.0	3.0	2	2	0	2	1	0	0	0	387-4.png
1.0	1.0	1.0	0.0	2.0	1.0	4.0	2	1	2	0	1	1	0	2	388-0.png
1.0	1.0	1.0	0.0	2.0	1.0	4.0	2	1	2	0	1	1	0	2	388-1.png
1.0	1.0	1.0	0.0	2.0	1.0	4.0	2	1	2	0	1	1	0	2	388-2.png
1.0	1.0	2.0	0.0	2.0	2.0	1.0	2	2	0	0	1	1	0	2	389-0.png
2.0	1.0	2.0	2.0	1.0	2.0	1.0	2	2	0	1	1	0	0	0	389-1.png
2.0	1.0	2.0	0.0	1.0	2.0	1.0	2	2	0	1	1	1	0	2	389-2.png
0.0	0.0	2.0	2.0	1.0	2.0	1.0	0	2	1	1	1	0	0	0	389-4.png
2.0	1.0	2.0	0.0	1.0	2.0	1.0	2	2	0	1	1	1	0	2	389-5.png
2.0	1.0	0.0	2.0	1.0	2.0	2.0	2	2	0	1	1	0	1	0	390-0.png
1.0	0.0	0.0	2.0	1.0	2.0	2.0	2	2	1	1	1	0	1	0	390-1.png
2.0	0.0	0.0	2.0	1.0	2.0	2.0	2	2	1	1	1	0	1	0	390-2.png
1.0	0.0	0.0	2.0	1.0	2.0	2.0	2	2	1	1	1	0	1	0	390-3.png
1.0	1.0	0.0	2.0	2.0	2.0	2.0	2	2	0	2	1	0	1	0	390-4.png
2.0	0.0	2.0	0.0	2.0	2.0	3.0	2	2	1	0	1	1	0	2	391-0.png
1.0	0.0	2.0	0.0	2.0	2.0	3.0	2	2	1	0	1	1	0	2	391-1.png
1.0	1.0	2.0	0.0	2.0	2.0	3.0	2	2	0	0	1	1	0	2	391-2.png
1.0	0.0	1.0	0.0	2.0	2.0	3.0	2	1	1	0	1	1	0	2	391-3.png
2.0	0.0	2.0	0.0	2.0	2.0	3.0	2	2	1	0	1	1	0	2	391-4.png
1.0	1.0	0.0	2.0	1.0	0.0	2.0	2	0	0	1	1	0	1	0	392-0.png
1.0	1.0	0.0	2.0	2.0	0.0	2.0	2	0	0	2	1	0	1	0	392-1.png
1.0	0.0	0.0	2.0	1.0	0.0	2.0	2	0	1	1	1	0	1	0	392-2.png
1.0	1.0	0.0	2.0	1.0	0.0	2.0	2	0	0	1	1	0	1	0	392-3.png
2.0	0.0	2.0	2.0	2.0	0.0	2.0	2	2	1	2	1	0	0	0	393-0.png
2.0	0.0	2.0	2.0	1.0	0.0	2.0	2	2	1	1	1	0	0	0	393-1.png
2.0	0.0	2.0	0.0	2.0	0.0	2.0	2	2	1	0	1	1	0	2	393-2.png
1.0	0.0	2.0	0.0	2.0	0.0	6.0	2	2	1	0	0	1	0	2	393-3.png
2.0	0.0	2.0	0.0	2.0	0.0	6.0	2	2	1	0	0	1	0	2	393-4.png
2.0	0.0	1.0	0.0	0.0	2.0	3.0	2	1	1	0	1	1	2	2	394-0.png
0.0	0.0	1.0	0.0	0.0	2.0	3.0	0	1	1	0	1	1	2	2	394-1.png
0.0	1.0	1.0	0.0	2.0	1.0	5.0	0	1	2	0	1	1	0	2	395-0.png
2.0	0.0	1.0	2.0	2.0	1.0	4.0	2	1	1	2	1	0	0	0	396-0.png
2.0	1.0	2.0	2.0	1.0	0.0	3.0	2	2	0	1	1	0	0	0	397-0.png
2.0	1.0	2.0	2.0	1.0	1.0	4.0	2	1	0	1	1	0	0	0	398-0.png
0.0	0.0	2.0	0.0	2.0	1.0	1.0	0	1	1	0	1	1	0	2	399-0.png
2.0	1.0	0.0	2.0	1.0	1.0	2.0	2	1	0	1	1	0	1	0	400-0.png
2.0	0.0	1.0	0.0	2.0	1.0	0.0	0	1	1	0	1	1	0	2	401-0.png
0.0	0.0	0.0	2.0	1.0	2.0	2.0	0	2	1	1	1	0	1	0	402-0.png
0.0	0.0	2.0	2.0	2.0	2.0	6.0	0	2	1	2	0	0	0	0	403-0.png
2.0	1.0	2.0	2.0	2.0	2.0	6.0	2	2	0	2	2	0	0	0	403-1.png
2.0	0.0	2.0	0.0	2.0	2.0	5.0	1	2	1	0	1	1	0	2	404-0.png
0.0	0.0	2.0	0.0	2.0	2.0	1.0	0	2	1	0	1	1	0	2	405-0.png
2.0	0.0	2.0	0.0	2.0	2.0	1.0	2	2	1	0	1	1	0	2	405-1.png
2.0	1.0	2.0	2.0	1.0	1.0	1.0	2	1	0	1	1	0	0	0	406-0.png
2.0	0.0	1.0	0.0	0.0	1.0	5.0	1	1	1	0	1	1	2	2	407-0.png
2.0	0.0	1.0	0.0	2.0	2.0	6.0	2	1	1	0	0	1	0	2	408-0.png
2.0	0.0	1.0	0.0	2.0	2.0	5.0	1	1	1	0	1	1	0	2	408-1.png
0.0	1.0	0.0	2.0	1.0	2.0	2.0	0	2	0	1	1	0	1	0	409-0.png
0.0	1.0	0.0	1.0	1.0	2.0	2.0	0	2	0	1	1	2	1	1	409-1.png
0.0	1.0	1.0	0.0	2.0	1.0	6.0	0	1	2	0	2	1	0	2	410-0.png
0.0	0.0	1.0	0.0	0.0	2.0	2.0	0	1	1	0	1	1	2	2	411-0.png
0.0	1.0	0.0	2.0	2.0	2.0	2.0	0	2	0	2	1	0	1	0	412-0.png
2.0	0.0	1.0	0.0	2.0	1.0	5.0	1	1	1	0	1	1	0	2	413-0.png
2.0	0.0	2.0	2.0	2.0	0.0	5.0	1	2	1	2	1	0	0	0	414-0.png
0.0	0.0	2.0	2.0	2.0	0.0	5.0	0	2	1	2	1	0	0	0	414-1.png
0.0	1.0	2.0	0.0	0.0	1.0	2.0	0	1	0	0	1	1	0	2	415-0.png
0.0	1.0	2.0	2.0	0.0	1.0	2.0	0	1	0	0	1	0	0	2	415-1.png
2.0	0.0	2.0	0.0	0.0	1.0	2.0	2	1	1	0	1	1	0	2	415-2.png
0.0	1.0	2.0	0.0	0.0	1.0	2.0	0	1	0	0	1	1	0	2	415-3.png
2.0	1.0	2.0	0.0	0.0	1.0	2.0	2	1	0	0	1	1	0	2	415-4.png
2.0	1.0	2.0	2.0	0.0	1.0	2.0	2	1	0	0	1	0	0	2	415-5.png
0.0	1.0	2.0	0.0	0.0	1.0	2.0	0	1	0	0	1	1	0	2	415-6.png
1.0	1.0	0.0	2.0	1.0	0.0	2.0	2	0	0	1	1	0	1	0	416-0.png
0.0	0.0	1.0	0.0	0.0	2.0	3.0	0	1	1	0	1	1	2	2	417-0.png
0.0	0.0	2.0	2.0	2.0	2.0	3.0	0	2	1	2	1	0	0	0	418-0.png
2.0	1.0	0.0	1.0	1.0	1.0	3.0	2	1	0	1	1	2	1	1	419-0.png
2.0	0.0	1.0	0.0	2.0	1.0	4.0	2	1	1	0	1	1	0	2	420-0.png
2.0	0.0	1.0	0.0	2.0	2.0	4.0	2	1	1	0	1	1	0	2	420-1.png
2.0	0.0	2.0	0.0	2.0	1.0	3.0	2	1	1	0	1	1	0	2	421-0.png
1.0	1.0	0.0	1.0	1.0	1.0	1.0	2	1	0	1	1	2	1	1	422-0.png
0.0	0.0	0.0	1.0	1.0	2.0	2.0	0	2	1	1	1	2	1	1	423-0.png
2.0	0.0	0.0	2.0	1.0	1.0	5.0	1	1	1	1	1	0	1	0	424-0.png
2.0	0.0	2.0	0.0	2.0	1.0	3.0	2	1	1	0	1	1	0	2	425-0.png
2.0	0.0	2.0	2.0	1.0	2.0	3.0	2	2	1	1	1	0	0	0	426-0.png
0.0	1.0	2.0	0.0	2.0	2.0	2.0	0	2	0	0	1	1	0	2	427-0.png
0.0	0.0	2.0	0.0	2.0	1.0	1.0	0	1	1	0	1	1	0	2	428-0.png
2.0	0.0	0.0	2.0	2.0	2.0	5.0	1	2	1	2	1	0	1	0	429-0.png
2.0	1.0	0.0	2.0	2.0	1.0	1.0	2	1	0	2	1	0	1	0	430-0.png
2.0	1.0	2.0	2.0	1.0	2.0	4.0	2	2	0	1	1	0	0	0	431-0.png
2.0	0.0	1.0	0.0	2.0	1.0	4.0	2	1	1	0	1	1	0	2	432-0.png
2.0	0.0	2.0	0.0	2.0	1.0	3.0	2	1	1	0	1	1	0	2	433-0.png
2.0	1.0	1.0	0.0	2.0	2.0	4.0	2	1	2	0	1	1	0	2	434-0.png
2.0	0.0	1.0	0.0	0.0	1.0	4.0	2	1	1	0	1	1	2	2	435-0.png
2.0	0.0	1.0	0.0	2.0	1.0	0.0	0	1	1	0	1	1	0	2	436-0.png
2.0	0.0	0.0	2.0	1.0	2.0	6.0	2	2	1	1	0	0	1	0	439-0.png
1.0	1.0	0.0	2.0	1.0	2.0	6.0	2	2	0	1	2	0	1	0	439-1.png
2.0	0.0	2.0	2.0	0.0	0.0	6.0	2	2	1	0	0	0	0	2	440-0.png
1.0	1.0	2.0	2.0	1.0	2.0	6.0	2	2	0	1	2	0	0	0	441-0.png
2.0	0.0	2.0	0.0	2.0	1.0	2.0	2	1	1	0	1	1	0	2	442-0.png
2.0	0.0	2.0	0.0	2.0	1.0	2.0	2	1	1	0	1	1	0	2	442-1.png
2.0	0.0	0.0	2.0	1.0	0.0	2.0	2	0	1	1	1	0	1	0	443-0.png
2.0	0.0	0.0	2.0	1.0	0.0	3.0	2	0	1	1	1	0	1	0	443-1.png
2.0	0.0	1.0	0.0	2.0	1.0	6.0	2	1	1	0	0	1	0	2	444-0.png
2.0	0.0	1.0	0.0	2.0	1.0	6.0	2	1	1	0	0	1	0	2	444-1.png
2.0	0.0	2.0	0.0	2.0	2.0	2.0	2	2	1	0	1	1	0	2	445-0.png
2.0	0.0	2.0	0.0	2.0	2.0	2.0	2	2	1	0	1	1	0	2	445-1.png
2.0	1.0	0.0	2.0	2.0	1.0	2.0	2	1	0	2	1	0	1	0	446-0.png
2.0	1.0	0.0	2.0	2.0	2.0	2.0	2	2	0	2	1	0	1	0	446-1.png
0.0	1.0	2.0	2.0	1.0	1.0	5.0	0	1	0	1	1	0	0	0	447-0.png
1.0	1.0	2.0	2.0	1.0	1.0	5.0	1	1	0	1	1	0	0	0	447-1.png
2.0	0.0	2.0	0.0	2.0	2.0	1.0	2	2	1	0	1	1	0	2	448-0.png
0.0	0.0	2.0	0.0	2.0	2.0	5.0	0	2	1	0	1	1	0	2	448-1.png
0.0	0.0	2.0	2.0	1.0	1.0	2.0	0	1	1	1	1	0	0	0	449-0.png
0.0	0.0	2.0	2.0	1.0	1.0	2.0	0	1	1	1	1	0	0	0	449-1.png
0.0	1.0	2.0	2.0	2.0	2.0	1.0	0	2	0	2	1	0	0	0	450-0.png
0.0	0.0	2.0	2.0	2.0	2.0	1.0	0	2	1	2	1	0	0	0	450-1.png
0.0	0.0	2.0	2.0	0.0	2.0	2.0	0	2	1	0	1	0	0	2	451-0.png
1.0	1.0	0.0	2.0	2.0	2.0	2.0	2	2	0	2	1	0	1	0	451-1.png
0.0	0.0	0.0	2.0	1.0	2.0	6.0	0	2	1	1	0	0	1	0	452-0.png
2.0	0.0	2.0	2.0	1.0	0.0	6.0	2	2	1	1	0	0	0	0	452-1.png
0.0	0.0	2.0	2.0	1.0	2.0	6.0	0	2	1	1	0	0	0	0	453-0.png
1.0	0.0	0.0	2.0	1.0	2.0	5.0	1	2	1	1	1	0	1	0	453-1.png
2.0	0.0	2.0	0.0	2.0	1.0	2.0	2	1	1	0	1	1	0	2	454-0.png
0.0	0.0	2.0	0.0	2.0	1.0	2.0	0	1	1	0	1	1	0	2	454-1.png
2.0	0.0	2.0	0.0	2.0	1.0	2.0	2	1	1	0	1	1	0	2	454-2.png
2.0	0.0	2.0	0.0	2.0	1.0	2.0	2	1	1	0	1	1	0	2	454-3.png
2.0	0.0	2.0	0.0	2.0	1.0	2.0	2	1	1	0	1	1	0	2	454-4.png
2.0	0.0	2.0	2.0	1.0	1.0	2.0	2	1	1	1	1	0	0	0	455-0.png
0.0	0.0	2.0	2.0	1.0	1.0	2.0	0	1	1	1	1	0	0	0	455-1.png
2.0	0.0	0.0	2.0	1.0	1.0	2.0	2	1	1	1	1	0	1	0	455-2.png
0.0	0.0	2.0	2.0	1.0	1.0	2.0	0	1	1	1	1	0	0	0	455-3.png
2.0	0.0	2.0	2.0	1.0	1.0	2.0	2	1	1	1	1	0	0	0	455-4.png
1.0	0.0	2.0	2.0	0.0	1.0	3.0	2	1	1	0	1	0	0	2	456-0.png
1.0	0.0	2.0	2.0	0.0	1.0	3.0	2	1	1	0	1	0	0	2	456-1.png
1.0	0.0	2.0	2.0	0.0	1.0	3.0	2	1	1	0	1	0	0	2	456-2.png
1.0	1.0	0.0	2.0	0.0	1.0	3.0	2	1	0	0	1	0	1	2	456-3.png
2.0	1.0	0.0	2.0	0.0	1.0	3.0	2	1	0	0	1	0	1	2	456-4.png
2.0	1.0	0.0	1.0	1.0	2.0	4.0	2	2	0	1	1	2	1	1	457-0.png
2.0	0.0	2.0	2.0	1.0	0.0	1.0	2	2	1	1	1	0	0	0	458-0.png
2.0	0.0	2.0	0.0	1.0	2.0	1.0	2	2	1	1	1	1	0	2	458-1.png
2.0	0.0	2.0	2.0	1.0	2.0	1.0	2	2	1	1	1	0	0	0	458-2.png
2.0	0.0	2.0	2.0	2.0	1.0	3.0	2	1	1	2	1	0	0	0	459-0.png
2.0	0.0	2.0	2.0	2.0	2.0	3.0	2	2	1	2	1	0	0	0	460-0.png
1.0	1.0	0.0	1.0	1.0	1.0	4.0	2	1	0	1	1	2	1	1	461-0.png
0.0	0.0	1.0	0.0	2.0	1.0	2.0	0	1	1	0	1	1	0	2	462-0.png
2.0	0.0	1.0	0.0	0.0	1.0	1.0	2	1	1	0	1	1	2	2	463-0.png
2.0	0.0	2.0	0.0	0.0	1.0	6.0	2	1	1	0	0	1	0	2	464-0.png
2.0	0.0	2.0	2.0	2.0	1.0	2.0	2	1	1	2	1	0	0	0	465-0.png
0.0	0.0	2.0	0.0	1.0	2.0	2.0	0	2	1	1	1	1	0	2	466-0.png
2.0	0.0	1.0	0.0	0.0	1.0	1.0	2	1	1	0	1	1	2	2	467-0.png
2.0	0.0	2.0	0.0	2.0	2.0	3.0	2	2	1	0	1	1	0	2	468-0.png
2.0	1.0	0.0	2.0	1.0	2.0	1.0	2	2	0	1	1	0	1	0	469-0.png
2.0	0.0	1.0	0.0	2.0	1.0	3.0	2	1	1	0	1	1	0	2	470-0.png
0.0	1.0	0.0	2.0	1.0	1.0	2.0	0	1	0	1	1	0	1	0	471-0.png
2.0	1.0	0.0	2.0	1.0	1.0	6.0	2	1	0	1	2	0	1	0	472-0.png
2.0	1.0	2.0	2.0	2.0	1.0	4.0	2	1	0	2	1	0	0	0	473-0.png
2.0	0.0	2.0	0.0	1.0	1.0	4.0	2	1	1	1	1	1	0	2	474-0.png
2.0	1.0	2.0	0.0	1.0	1.0	4.0	2	1	0	1	1	1	0	2	475-0.png
0.0	0.0	2.0	0.0	2.0	2.0	1.0	0	2	1	0	1	1	0	2	476-0.png
2.0	1.0	0.0	2.0	1.0	1.0	1.0	2	1	0	1	1	0	1	0	477-0.png
0.0	0.0	0.0	2.0	1.0	1.0	5.0	0	1	1	1	1	0	1	0	478-0.png
2.0	0.0	1.0	0.0	2.0	2.0	6.0	2	1	1	0	0	1	0	2	479-0.png
2.0	0.0	0.0	2.0	1.0	2.0	2.0	2	2	1	1	1	0	1	0	480-0.png
0.0	0.0	0.0	2.0	1.0	2.0	2.0	0	2	1	1	1	0	1	0	480-1.png
2.0	0.0	2.0	0.0	2.0	2.0	6.0	2	2	1	0	0	1	0	2	481-0.png
2.0	0.0	2.0	0.0	2.0	2.0	2.0	2	2	1	0	1	1	0	2	481-1.png
2.0	0.0	2.0	0.0	2.0	2.0	3.0	2	2	1	0	1	1	0	2	482-0.png
0.0	0.0	1.0	0.0	0.0	2.0	3.0	0	1	1	0	1	1	2	2	482-1.png
2.0	0.0	0.0	2.0	1.0	0.0	4.0	2	0	1	1	1	0	1	0	483-0.png
2.0	0.0	0.0	2.0	2.0	0.0	4.0	2	0	1	2	1	0	1	0	483-1.png
1.0	0.0	1.0	0.0	2.0	2.0	2.0	2	1	1	0	1	1	0	2	484-0.png
2.0	0.0	1.0	0.0	2.0	2.0	2.0	2	1	1	0	1	1	0	2	484-1.png
0.0	1.0	0.0	2.0	2.0	2.0	6.0	0	2	0	2	2	0	1	0	485-0.png
1.0	1.0	2.0	0.0	2.0	2.0	1.0	2	2	0	0	1	1	0	2	486-0.png
2.0	0.0	2.0	0.0	1.0	2.0	1.0	2	2	1	1	1	1	0	2	486-1.png
2.0	0.0	1.0	0.0	2.0	1.0	3.0	2	1	1	0	1	1	0	2	487-0.png
2.0	0.0	2.0	0.0	2.0	1.0	6.0	2	1	1	0	0	1	0	2	487-1.png
0.0	0.0	1.0	0.0	2.0	2.0	5.0	0	1	1	0	1	1	0	2	488-0.png
0.0	0.0	1.0	0.0	2.0	2.0	5.0	0	1	1	0	1	1	0	2	488-1.png
2.0	1.0	2.0	2.0	2.0	2.0	0.0	0	2	0	2	1	0	0	0	489-0.png
2.0	0.0	2.0	2.0	2.0	2.0	0.0	0	2	1	2	1	0	0	0	489-1.png
1.0	0.0	1.0	0.0	2.0	2.0	4.0	2	1	1	0	1	1	0	2	490-0.png
0.0	0.0	1.0	0.0	2.0	2.0	4.0	0	1	1	0	1	1	0	2	490-1.png
2.0	0.0	2.0	2.0	1.0	1.0	2.0	2	1	1	1	1	0	0	0	491-0.png
0.0	0.0	2.0	2.0	1.0	1.0	2.0	0	1	1	1	1	0	0	0	491-1.png
0.0	0.0	1.0	0.0	2.0	1.0	2.0	0	1	1	0	1	1	0	2	492-0.png
2.0	1.0	2.0	0.0	2.0	2.0	2.0	2	2	0	0	1	1	0	2	492-1.png
2.0	0.0	2.0	2.0	2.0	0.0	5.0	1	2	1	2	1	0	0	0	493-0.png
2.0	0.0	2.0	2.0	2.0	0.0	5.0	1	2	1	2	1	0	0	0	493-1.png
0.0	1.0	2.0	0.0	0.0	2.0	6.0	0	2	0	0	2	1	0	2	494-0.png
0.0	0.0	2.0	0.0	2.0	2.0	6.0	0	2	1	0	0	1	0	2	494-1.png
0.0	0.0	2.0	2.0	1.0	0.0	6.0	0	2	1	1	0	0	0	0	495-0.png
0.0	0.0	2.0	0.0	2.0	2.0	2.0	0	2	1	0	1	1	0	2	495-1.png
0.0	0.0	2.0	0.0	2.0	0.0	2.0	0	2	1	0	1	1	0	2	495-2.png
2.0	0.0	0.0	2.0	2.0	2.0	2.0	2	2	1	2	1	0	1	0	496-0.png
2.0	0.0	0.0	2.0	2.0	2.0	2.0	2	2	1	2	1	0	1	0	496-1.png
1.0	0.0	2.0	2.0	2.0	2.0	2.0	2	2	1	2	1	0	0	0	496-2.png
1.0	1.0	0.0	2.0	2.0	2.0	2.0	2	2	0	2	1	0	1	0	496-3.png
0.0	1.0	0.0	1.0	1.0	2.0	5.0	0	2	0	1	1	2	1	1	497-0.png
2.0	0.0	0.0	1.0	1.0	1.0	5.0	1	1	1	1	1	2	1	1	497-1.png
2.0	0.0	0.0	1.0	1.0	1.0	5.0	1	1	1	1	1	2	1	1	497-2.png
2.0	0.0	0.0	1.0	1.0	1.0	1.0	2	1	1	1	1	2	1	1	497-3.png
0.0	0.0	2.0	2.0	1.0	1.0	1.0	0	1	1	1	1	0	0	0	498-0.png
2.0	0.0	2.0	2.0	1.0	1.0	0.0	0	1	1	1	1	0	0	0	498-1.png
2.0	1.0	2.0	2.0	1.0	1.0	1.0	2	1	0	1	1	0	0	0	498-2.png
2.0	1.0	2.0	2.0	1.0	1.0	1.0	2	1	0	1	1	0	0	0	498-3.png
0.0	1.0	2.0	2.0	1.0	1.0	1.0	0	1	0	1	1	0	0	0	498-4.png
2.0	1.0	0.0	2.0	2.0	1.0	2.0	2	1	0	2	1	0	1	0	499-0.png
2.0	1.0	0.0	2.0	2.0	1.0	2.0	2	1	0	2	1	0	1	0	500-0.png
0.0	1.0	0.0	2.0	1.0	2.0	3.0	0	2	0	1	1	0	1	0	501-0.png
0.0	1.0	1.0	0.0	2.0	1.0	5.0	0	1	2	0	1	1	0	2	502-0.png
2.0	0.0	2.0	0.0	1.0	2.0	2.0	2	2	1	1	1	1	0	2	503-0.png
1.0	0.0	2.0	2.0	1.0	2.0	3.0	2	2	1	1	1	0	0	0	504-0.png
2.0	0.0	0.0	2.0	2.0	0.0	2.0	2	0	1	2	1	0	1	0	505-0.png
0.0	1.0	0.0	2.0	1.0	1.0	2.0	0	1	0	1	1	0	1	0	506-0.png
2.0	1.0	0.0	2.0	1.0	1.0	6.0	2	1	0	1	2	0	1	0	508-0.png
2.0	1.0	0.0	2.0	1.0	1.0	2.0	2	1	0	1	1	0	1	0	509-0.png
2.0	0.0	2.0	2.0	2.0	2.0	1.0	2	2	1	2	1	0	0	0	510-0.png
2.0	0.0	1.0	0.0	2.0	1.0	3.0	2	1	1	0	1	1	0	2	511-0.png
0.0	1.0	0.0	2.0	2.0	2.0	2.0	0	2	0	2	1	0	1	0	512-0.png
1.0	1.0	0.0	2.0	1.0	1.0	2.0	2	1	0	1	1	0	1	0	513-0.png
2.0	1.0	0.0	2.0	2.0	1.0	2.0	2	1	0	2	1	0	1	0	513-1.png
2.0	1.0	2.0	0.0	0.0	0.0	3.0	2	2	0	0	1	1	0	2	514-0.png
0.0	1.0	0.0	1.0	1.0	0.0	6.0	0	0	0	1	2	2	1	1	514-1.png
1.0	1.0	0.0	2.0	1.0	2.0	6.0	2	2	0	1	2	0	1	0	515-0.png
0.0	1.0	2.0	2.0	2.0	2.0	6.0	0	2	0	2	2	0	0	0	516-0.png
0.0	0.0	0.0	2.0	2.0	2.0	1.0	0	2	1	2	1	0	1	0	517-0.png
0.0	1.0	2.0	0.0	1.0	1.0	1.0	0	1	0	1	1	1	0	2	518-0.png
2.0	1.0	2.0	2.0	1.0	2.0	3.0	2	2	0	1	1	0	0	0	519-0.png
0.0	1.0	2.0	0.0	2.0	1.0	3.0	0	1	0	0	1	1	0	2	520-0.png
0.0	1.0	0.0	1.0	1.0	1.0	2.0	0	1	0	1	1	2	1	1	521-0.png
0.0	1.0	0.0	0.0	2.0	2.0	1.0	0	2	0	0	1	1	1	2	522-0.png
2.0	1.0	2.0	2.0	2.0	2.0	2.0	2	2	0	2	1	0	0	0	523-0.png
1.0	1.0	0.0	1.0	1.0	2.0	3.0	2	2	0	1	1	2	1	1	524-0.png
0.0	0.0	0.0	2.0	1.0	1.0	4.0	0	1	1	1	1	0	1	0	525-0.png
2.0	1.0	0.0	1.0	1.0	2.0	3.0	2	2	0	1	1	2	1	1	526-0.png
2.0	0.0	2.0	0.0	2.0	0.0	4.0	2	2	1	0	1	1	0	2	527-0.png
0.0	0.0	2.0	0.0	2.0	2.0	3.0	0	2	1	0	1	1	0	2	527-1.png
2.0	1.0	0.0	2.0	1.0	2.0	5.0	1	2	0	1	1	0	1	0	528-0.png
0.0	0.0	2.0	0.0	1.0	2.0	4.0	0	2	1	1	1	1	0	2	529-0.png
2.0	0.0	2.0	2.0	2.0	0.0	4.0	2	2	1	2	1	0	0	0	530-0.png
0.0	0.0	2.0	0.0	2.0	1.0	5.0	0	1	1	0	1	1	0	2	531-0.png
2.0	1.0	2.0	2.0	1.0	2.0	0.0	0	2	0	1	1	0	0	0	532-0.png
2.0	0.0	2.0	2.0	2.0	2.0	2.0	2	2	1	2	1	0	0	0	533-0.png
0.0	0.0	0.0	2.0	2.0	2.0	4.0	0	2	1	2	1	0	1	0	534-0.png
2.0	0.0	0.0	2.0	2.0	0.0	3.0	2	0	1	2	1	0	1	0	535-0.png
2.0	0.0	0.0	2.0	1.0	2.0	3.0	2	2	1	1	1	0	1	0	536-0.png
0.0	0.0	2.0	0.0	2.0	2.0	2.0	0	2	1	0	1	1	0	2	537-0.png
2.0	0.0	2.0	0.0	2.0	1.0	5.0	1	1	1	0	1	1	0	2	538-0.png
2.0	0.0	2.0	2.0	1.0	2.0	6.0	2	2	1	1	0	0	0	0	539-0.png
2.0	1.0	2.0	0.0	2.0	2.0	3.0	2	2	0	0	1	1	0	2	540-0.png
0.0	0.0	0.0	2.0	1.0	2.0	2.0	0	2	1	1	1	0	1	0	541-0.png
0.0	0.0	0.0	2.0	2.0	1.0	6.0	0	1	1	2	0	0	1	0	542-0.png
0.0	1.0	0.0	2.0	2.0	1.0	6.0	0	1	0	2	2	0	1	0	542-1.png
2.0	0.0	1.0	0.0	2.0	2.0	5.0	1	1	1	0	1	1	0	2	543-0.png
2.0	0.0	2.0	0.0	2.0	2.0	2.0	2	2	1	0	1	1	0	2	544-0.png
2.0	0.0	2.0	2.0	2.0	2.0	2.0	2	2	1	2	1	0	0	0	544-1.png
2.0	0.0	2.0	0.0	2.0	2.0	2.0	2	2	1	0	1	1	0	2	544-2.png
2.0	0.0	2.0	0.0	2.0	2.0	2.0	2	2	1	0	1	1	0	2	544-3.png
2.0	0.0	2.0	0.0	2.0	2.0	2.0	2	2	1	0	1	1	0	2	544-4.png
2.0	1.0	0.0	1.0	1.0	2.0	1.0	2	2	0	1	1	2	1	1	545-0.png
2.0	1.0	0.0	1.0	1.0	2.0	1.0	2	2	0	1	1	2	1	1	545-1.png
0.0	0.0	0.0	1.0	1.0	2.0	1.0	0	2	1	1	1	2	1	1	545-2.png
2.0	0.0	0.0	1.0	1.0	2.0	1.0	2	2	1	1	1	2	1	1	545-3.png
0.0	0.0	0.0	2.0	2.0	2.0	2.0	0	2	1	2	1	0	1	0	546-0.png
2.0	0.0	0.0	2.0	2.0	2.0	3.0	2	2	1	2	1	0	1	0	546-1.png
2.0	0.0	2.0	2.0	2.0	2.0	2.0	2	2	1	2	1	0	0	0	546-2.png
2.0	1.0	2.0	0.0	2.0	2.0	3.0	2	2	0	0	1	1	0	2	546-3.png
0.0	0.0	2.0	2.0	2.0	2.0	3.0	0	2	1	2	1	0	0	0	546-4.png
2.0	1.0	0.0	2.0	1.0	2.0	3.0	2	2	0	1	1	0	1	0	547-0.png
2.0	0.0	0.0	2.0	1.0	2.0	3.0	2	2	1	1	1	0	1	0	547-1.png
2.0	0.0	0.0	2.0	2.0	2.0	3.0	2	2	1	2	1	0	1	0	547-2.png
0.0	1.0	0.0	2.0	1.0	2.0	3.0	0	2	0	1	1	0	1	0	547-3.png
2.0	0.0	0.0	2.0	1.0	2.0	3.0	2	2	1	1	1	0	1	0	547-4.png
2.0	0.0	1.0	0.0	2.0	1.0	2.0	2	1	1	0	1	1	0	2	548-0.png
2.0	0.0	1.0	0.0	2.0	1.0	2.0	2	1	1	0	1	1	0	2	548-1.png
2.0	0.0	1.0	0.0	2.0	1.0	2.0	2	1	1	0	1	1	0	2	548-2.png
2.0	0.0	1.0	0.0	2.0	1.0	2.0	2	1	1	0	1	1	0	2	548-3.png
0.0	0.0	1.0	0.0	2.0	1.0	2.0	0	1	1	0	1	1	0	2	548-4.png
2.0	0.0	2.0	2.0	2.0	0.0	2.0	2	2	1	2	1	0	0	0	549-0.png
0.0	0.0	0.0	2.0	2.0	0.0	2.0	0	0	1	2	1	0	1	0	549-1.png
2.0	0.0	2.0	0.0	2.0	0.0	2.0	2	2	1	0	1	1	0	2	549-2.png
2.0	0.0	2.0	2.0	2.0	0.0	2.0	2	2	1	2	1	0	0	0	549-3.png
0.0	1.0	2.0	0.0	2.0	0.0	2.0	0	2	0	0	1	1	0	2	549-4.png
2.0	0.0	2.0	0.0	1.0	0.0	2.0	2	2	1	1	1	1	0	2	550-0.png
0.0	0.0	2.0	0.0	2.0	2.0	2.0	0	2	1	0	1	1	0	2	550-1.png
2.0	0.0	2.0	0.0	1.0	2.0	2.0	2	2	1	1	1	1	0	2	550-2.png
0.0	0.0	1.0	0.0	2.0	2.0	6.0	0	1	1	0	0	1	0	2	550-3.png
2.0	0.0	1.0	0.0	2.0	2.0	2.0	2	1	1	0	1	1	0	2	550-4.png
2.0	0.0	1.0	0.0	0.0	1.0	4.0	2	1	1	0	1	1	2	2	551-0.png
2.0	0.0	1.0	0.0	0.0	1.0	4.0	2	1	1	0	1	1	2	2	551-1.png
2.0	0.0	1.0	0.0	0.0	1.0	4.0	2	1	1	0	1	1	2	2	551-2.png
0.0	0.0	1.0	0.0	0.0	1.0	4.0	0	1	1	0	1	1	2	2	551-3.png
0.0	1.0	1.0	0.0	0.0	1.0	4.0	0	1	2	0	1	1	2	2	551-4.png
2.0	0.0	1.0	0.0	0.0	1.0	4.0	2	1	1	0	1	1	2	2	551-5.png
2.0	0.0	1.0	0.0	0.0	1.0	4.0	2	1	1	0	1	1	2	2	551-6.png
0.0	0.0	1.0	0.0	2.0	1.0	4.0	0	1	1	0	1	1	0	2	551-7.png
2.0	0.0	1.0	0.0	0.0	1.0	4.0	2	1	1	0	1	1	2	2	551-8.png
0.0	0.0	1.0	0.0	0.0	1.0	4.0	0	1	1	0	1	1	2	2	551-9.png
2.0	0.0	2.0	0.0	1.0	0.0	1.0	2	2	1	1	1	1	0	2	552-0.png
2.0	0.0	2.0	2.0	2.0	0.0	1.0	2	2	1	2	1	0	0	0	552-1.png
2.0	0.0	2.0	0.0	2.0	0.0	1.0	2	2	1	0	1	1	0	2	552-2.png
0.0	0.0	2.0	2.0	1.0	0.0	1.0	0	2	1	1	1	0	0	0	552-3.png
0.0	0.0	2.0	0.0	2.0	0.0	1.0	0	2	1	0	1	1	0	2	552-4.png
0.0	0.0	2.0	0.0	2.0	0.0	1.0	0	2	1	0	1	1	0	2	552-5.png
2.0	0.0	2.0	0.0	2.0	0.0	1.0	2	2	1	0	1	1	0	2	552-6.png
0.0	0.0	2.0	2.0	2.0	0.0	1.0	0	2	1	2	1	0	0	0	552-7.png
0.0	0.0	2.0	2.0	2.0	0.0	1.0	0	2	1	2	1	0	0	0	552-8.png
2.0	0.0	2.0	2.0	2.0	0.0	1.0	2	2	1	2	1	0	0	0	552-9.png
0.0	1.0	2.0	2.0	2.0	1.0	3.0	0	1	0	2	1	0	0	0	553-0.png
0.0	1.0	2.0	2.0	2.0	1.0	3.0	0	1	0	2	1	0	0	0	553-1.png
0.0	1.0	2.0	2.0	2.0	2.0	4.0	0	2	0	2	1	0	0	0	554-0.png
0.0	1.0	0.0	2.0	1.0	2.0	3.0	0	2	0	1	1	0	1	0	555-0.png
0.0	1.0	0.0	2.0	1.0	2.0	2.0	0	2	0	1	1	0	1	0	555-1.png
2.0	1.0	2.0	2.0	1.0	2.0	3.0	2	2	0	1	1	0	0	0	555-2.png
2.0	1.0	1.0	0.0	2.0	1.0	3.0	2	1	2	0	1	1	0	2	556-0.png
0.0	1.0	0.0	2.0	2.0	2.0	4.0	0	2	0	2	1	0	1	0	558-0.png
0.0	1.0	2.0	0.0	2.0	2.0	6.0	0	2	0	0	2	1	0	2	559-0.png
0.0	1.0	1.0	0.0	2.0	2.0	6.0	0	1	2	0	2	1	0	2	559-1.png
2.0	0.0	2.0	0.0	1.0	0.0	5.0	1	2	1	1	1	1	0	2	560-0.png
0.0	0.0	2.0	0.0	1.0	0.0	1.0	0	2	1	1	1	1	0	2	560-1.png
1.0	0.0	0.0	2.0	2.0	1.0	6.0	2	1	1	2	0	0	1	0	561-0.png
2.0	1.0	2.0	0.0	2.0	2.0	6.0	2	2	0	0	2	1	0	2	561-1.png
0.0	0.0	2.0	2.0	0.0	0.0	2.0	0	2	1	0	1	0	0	2	562-0.png
0.0	0.0	2.0	0.0	0.0	0.0	3.0	0	2	1	0	1	1	0	2	562-1.png
0.0	0.0	0.0	2.0	1.0	2.0	3.0	0	2	1	1	1	0	1	0	563-0.png
2.0	1.0	2.0	2.0	1.0	2.0	3.0	2	2	0	1	1	0	0	0	563-1.png
2.0	0.0	2.0	2.0	2.0	1.0	3.0	2	1	1	2	1	0	0	0	564-0.png
0.0	1.0	2.0	0.0	2.0	1.0	3.0	0	1	0	0	1	1	0	2	565-0.png
2.0	0.0	2.0	0.0	2.0	1.0	3.0	2	1	1	0	1	1	0	2	566-0.png
0.0	0.0	2.0	2.0	1.0	1.0	5.0	0	1	1	1	1	0	0	0	567-0.png
2.0	0.0	0.0	2.0	1.0	1.0	5.0	1	1	1	1	1	0	1	0	567-1.png
2.0	0.0	2.0	2.0	1.0	1.0	5.0	1	1	1	1	1	0	0	0	567-2.png
2.0	1.0	2.0	2.0	2.0	2.0	6.0	2	2	0	2	2	0	0	0	567-3.png
2.0	0.0	0.0	2.0	1.0	1.0	5.0	1	1	1	1	1	0	1	0	567-4.png
2.0	0.0	2.0	2.0	2.0	1.0	5.0	1	1	1	2	1	0	0	0	567-5.png
0.0	1.0	0.0	2.0	1.0	0.0	3.0	0	0	0	1	1	0	1	0	568-0.png
1.0	0.0	1.0	0.0	2.0	2.0	2.0	2	1	1	0	1	1	0	2	569-0.png
0.0	1.0	0.0	2.0	1.0	1.0	2.0	0	1	0	1	1	0	1	0	570-0.png
2.0	0.0	2.0	0.0	1.0	2.0	4.0	2	2	1	1	1	1	0	2	571-0.png
2.0	0.0	2.0	0.0	2.0	2.0	2.0	2	2	1	0	1	1	0	2	572-0.png
2.0	0.0	1.0	0.0	2.0	2.0	6.0	2	1	1	0	0	1	0	2	573-0.png
2.0	0.0	1.0	0.0	2.0	0.0	2.0	2	1	1	0	1	1	0	2	574-0.png
0.0	1.0	0.0	2.0	2.0	0.0	5.0	0	0	0	2	1	0	1	0	575-0.png
2.0	0.0	1.0	0.0	2.0	2.0	1.0	2	1	1	0	1	1	0	2	576-0.png
2.0	0.0	0.0	2.0	2.0	1.0	2.0	2	1	1	2	1	0	1	0	577-0.png
2.0	0.0	0.0	1.0	1.0	1.0	5.0	1	1	1	1	1	2	1	1	577-1.png
0.0	0.0	2.0	0.0	2.0	2.0	3.0	0	2	1	0	1	1	0	2	578-0.png
2.0	0.0	1.0	0.0	0.0	2.0	4.0	2	1	1	0	1	1	2	2	579-0.png
2.0	0.0	2.0	2.0	2.0	0.0	4.0	2	2	1	2	1	0	0	0	580-0.png
0.0	0.0	2.0	2.0	0.0	2.0	4.0	0	2	1	0	1	0	0	2	581-0.png
2.0	1.0	0.0	2.0	1.0	2.0	5.0	1	2	0	1	1	0	1	0	582-0.png
2.0	1.0	0.0	2.0	1.0	2.0	1.0	2	2	0	1	1	0	1	0	582-1.png
2.0	1.0	0.0	2.0	1.0	2.0	1.0	2	2	0	1	1	0	1	0	582-2.png
0.0	1.0	0.0	2.0	1.0	2.0	1.0	0	2	0	1	1	0	1	0	582-3.png
2.0	0.0	0.0	2.0	1.0	1.0	1.0	2	1	1	1	1	0	1	0	582-4.png
2.0	1.0	0.0	2.0	1.0	2.0	2.0	2	2	0	1	1	0	1	0	583-0.png
1.0	1.0	0.0	2.0	1.0	2.0	2.0	2	2	0	1	1	0	1	0	583-1.png
0.0	1.0	0.0	1.0	1.0	2.0	3.0	0	2	0	1	1	2	1	1	583-2.png
2.0	1.0	0.0	2.0	1.0	2.0	3.0	2	2	0	1	1	0	1	0	583-3.png
0.0	1.0	0.0	1.0	1.0	2.0	2.0	0	2	0	1	1	2	1	1	583-4.png
0.0	1.0	2.0	2.0	2.0	1.0	2.0	0	1	0	2	1	0	0	0	584-0.png
0.0	0.0	2.0	2.0	2.0	1.0	2.0	0	1	1	2	1	0	0	0	584-1.png
0.0	1.0	2.0	2.0	2.0	1.0	2.0	0	1	0	2	1	0	0	0	584-2.png
2.0	1.0	2.0	2.0	2.0	1.0	2.0	2	1	0	2	1	0	0	0	584-3.png
0.0	0.0	2.0	2.0	2.0	1.0	2.0	0	1	1	2	1	0	0	0	584-4.png
2.0	0.0	0.0	2.0	2.0	2.0	1.0	2	2	1	2	1	0	1	0	585-0.png
1.0	1.0	0.0	2.0	2.0	2.0	1.0	2	2	0	2	1	0	1	0	585-1.png
2.0	0.0	2.0	2.0	2.0	2.0	5.0	1	2	1	2	1	0	0	0	585-2.png
2.0	1.0	0.0	2.0	1.0	2.0	1.0	2	2	0	1	1	0	1	0	585-3.png
0.0	0.0	0.0	2.0	2.0	2.0	1.0	0	2	1	2	1	0	1	0	585-4.png
2.0	0.0	2.0	2.0	1.0	0.0	2.0	2	2	1	1	1	0	0	0	586-0.png
2.0	0.0	0.0	2.0	1.0	0.0	2.0	2	0	1	1	1	0	1	0	586-1.png
0.0	0.0	0.0	1.0	1.0	0.0	2.0	0	0	1	1	1	2	1	1	586-2.png
2.0	0.0	0.0	1.0	1.0	0.0	2.0	2	0	1	1	1	2	1	1	586-3.png
0.0	0.0	2.0	0.0	2.0	2.0	2.0	0	2	1	0	1	1	0	2	587-0.png
0.0	0.0	2.0	0.0	2.0	2.0	6.0	0	2	1	0	0	1	0	2	587-1.png
0.0	0.0	2.0	0.0	2.0	2.0	6.0	0	2	1	0	0	1	0	2	587-2.png
2.0	0.0	2.0	0.0	2.0	2.0	6.0	2	2	1	0	0	1	0	2	587-3.png
2.0	0.0	2.0	0.0	2.0	2.0	6.0	2	2	1	0	0	1	0	2	588-0.png
2.0	0.0	2.0	0.0	2.0	2.0	5.0	1	2	1	0	1	1	0	2	588-1.png
0.0	0.0	1.0	0.0	0.0	2.0	5.0	0	1	1	0	1	1	2	2	588-2.png
0.0	0.0	2.0	0.0	2.0	2.0	6.0	0	2	1	0	0	1	0	2	588-3.png
0.0	0.0	1.0	0.0	2.0	2.0	5.0	0	1	1	0	1	1	0	2	588-4.png
0.0	0.0	1.0	0.0	0.0	2.0	5.0	0	1	1	0	1	1	2	2	588-5.png
0.0	0.0	1.0	0.0	0.0	2.0	5.0	0	1	1	0	1	1	2	2	588-6.png
0.0	0.0	2.0	0.0	0.0	2.0	6.0	0	2	1	0	0	1	0	2	588-7.png
0.0	0.0	1.0	0.0	2.0	2.0	6.0	0	1	1	0	0	1	0	2	588-8.png
2.0	0.0	1.0	0.0	2.0	2.0	5.0	1	1	1	0	1	1	0	2	588-9.png
1.0	1.0	1.0	0.0	0.0	2.0	3.0	2	1	2	0	1	1	2	2	589-0.png
2.0	0.0	1.0	0.0	2.0	1.0	4.0	2	1	1	0	1	1	0	2	590-0.png
0.0	0.0	2.0	0.0	2.0	1.0	3.0	0	1	1	0	1	1	0	2	591-0.png
0.0	0.0	2.0	0.0	2.0	1.0	4.0	0	1	1	0	1	1	0	2	592-0.png
0.0	0.0	2.0	2.0	1.0	2.0	1.0	0	2	1	1	1	0	0	0	593-0.png
2.0	0.0	2.0	2.0	1.0	1.0	4.0	2	1	1	1	1	0	0	0	594-0.png
1.0	0.0	2.0	0.0	2.0	1.0	3.0	2	1	1	0	1	1	0	2	595-0.png
0.0	1.0	0.0	1.0	1.0	1.0	1.0	0	1	0	1	1	2	1	1	596-0.png
0.0	0.0	0.0	2.0	1.0	1.0	5.0	0	1	1	1	1	0	1	0	597-0.png
0.0	0.0	2.0	2.0	1.0	2.0	4.0	0	2	1	1	1	0	0	0	598-0.png
2.0	0.0	2.0	2.0	2.0	2.0	4.0	2	2	1	2	1	0	0	0	598-1-.png
0.0	0.0	2.0	0.0	1.0	2.0	1.0	0	2	1	1	1	1	0	2	599-0.png
0.0	0.0	2.0	0.0	1.0	2.0	1.0	0	2	1	1	1	1	0	2	599-1.png
0.0	0.0	1.0	0.0	2.0	2.0	3.0	0	1	1	0	1	1	0	2	600-0.png
2.0	0.0	2.0	2.0	1.0	2.0	3.0	2	2	1	1	1	0	0	0	601-0.png
0.0	0.0	0.0	2.0	2.0	2.0	2.0	0	2	1	2	1	0	1	0	602-0.png
2.0	0.0	0.0	2.0	2.0	2.0	3.0	2	2	1	2	1	0	1	0	603-0.png
0.0	1.0	0.0	2.0	2.0	2.0	6.0	0	2	0	2	2	0	1	0	604-0.png
0.0	0.0	2.0	2.0	1.0	2.0	3.0	0	2	1	1	1	0	0	0	605-0.png
2.0	0.0	2.0	0.0	2.0	2.0	1.0	2	2	1	0	1	1	0	2	606-0.png
0.0	0.0	2.0	2.0	2.0	1.0	3.0	0	1	1	2	1	0	0	0	607-0.png
0.0	0.0	2.0	0.0	2.0	1.0	1.0	0	1	1	0	1	1	0	2	608-0.png
0.0	1.0	0.0	2.0	2.0	2.0	2.0	0	2	0	2	1	0	1	0	609-0.png
2.0	0.0	2.0	0.0	2.0	1.0	2.0	2	1	1	0	1	1	0	2	610-0.png
0.0	1.0	0.0	1.0	1.0	0.0	1.0	0	0	0	1	1	2	1	1	611-0.png
0.0	0.0	2.0	0.0	2.0	0.0	1.0	0	2	1	0	1	1	0	2	612-0.png
0.0	0.0	1.0	0.0	0.0	1.0	1.0	0	1	1	0	1	1	2	2	613-0.png
2.0	1.0	2.0	0.0	2.0	2.0	0.0	0	2	0	0	1	1	0	2	614-0.png
0.0	0.0	2.0	0.0	2.0	1.0	5.0	0	1	1	0	1	1	0	2	615-0.png
2.0	0.0	0.0	2.0	1.0	1.0	2.0	2	1	1	1	1	0	1	0	616-0.png
0.0	0.0	0.0	2.0	2.0	1.0	6.0	0	1	1	2	0	0	1	0	617-0.png
0.0	0.0	2.0	2.0	1.0	1.0	3.0	0	1	1	1	1	0	0	0	618-0.png
0.0	0.0	1.0	0.0	2.0	1.0	6.0	0	1	1	0	0	1	0	2	619-0.png
2.0	0.0	2.0	2.0	1.0	1.0	4.0	2	1	1	1	1	0	0	0	620-0.png
0.0	0.0	1.0	0.0	2.0	1.0	1.0	0	1	1	0	1	1	0	2	621-0.png
2.0	0.0	1.0	0.0	1.0	1.0	6.0	2	1	1	1	0	1	0	2	622-0.png
2.0	0.0	1.0	0.0	0.0	1.0	4.0	2	1	1	0	1	1	2	2	623-0.png
1.0	0.0	0.0	2.0	1.0	2.0	5.0	1	2	1	1	1	0	1	0	624-0.png
2.0	0.0	0.0	2.0	1.0	2.0	3.0	2	2	1	1	1	0	1	0	625-0.png
2.0	0.0	0.0	2.0	1.0	0.0	2.0	2	0	1	1	1	0	1	0	626-0.png
2.0	1.0	2.0	2.0	2.0	0.0	2.0	2	2	0	2	1	0	0	0	627-0.png
2.0	0.0	2.0	0.0	2.0	1.0	2.0	2	1	1	0	1	1	0	2	628-0.png
0.0	0.0	0.0	2.0	1.0	0.0	0.0	0	0	1	1	1	0	1	0	629-0.png
0.0	0.0	1.0	0.0	2.0	1.0	1.0	0	1	1	0	1	1	0	2	630-0.png
1.0	0.0	0.0	2.0	1.0	0.0	3.0	2	0	1	1	1	0	1	0	631-0.png
2.0	0.0	1.0	0.0	2.0	2.0	6.0	2	1	1	0	0	1	0	2	632-0.png
1.0	0.0	2.0	0.0	2.0	2.0	4.0	2	2	1	0	1	1	0	2	633-0.png
2.0	0.0	0.0	2.0	2.0	2.0	3.0	2	2	1	2	1	0	1	0	634-0.png
1.0	1.0	0.0	2.0	2.0	2.0	4.0	2	2	0	2	1	0	1	0	634-1.png
1.0	0.0	0.0	2.0	2.0	2.0	3.0	2	2	1	2	1	0	1	0	634-2.png
2.0	1.0	0.0	2.0	0.0	2.0	3.0	2	2	0	0	1	0	1	2	634-3.png
0.0	1.0	0.0	2.0	1.0	2.0	3.0	0	2	0	1	1	0	1	0	634-4.png
2.0	1.0	0.0	2.0	0.0	2.0	3.0	2	2	0	0	1	0	1	2	634-5.png
0.0	1.0	0.0	2.0	1.0	2.0	3.0	0	2	0	1	1	0	1	0	634-6.png
2.0	1.0	0.0	1.0	2.0	2.0	3.0	2	2	0	1	1	2	1	1	634-7.png
2.0	0.0	0.0	2.0	2.0	2.0	3.0	2	2	1	2	1	0	1	0	634-8.png
2.0	0.0	2.0	0.0	2.0	2.0	2.0	2	2	1	0	1	1	0	2	635-0.png
0.0	0.0	2.0	0.0	2.0	2.0	2.0	0	2	1	0	1	1	0	2	635-1.png
0.0	0.0	2.0	0.0	2.0	2.0	2.0	0	2	1	0	1	1	0	2	635-2.png
2.0	1.0	2.0	0.0	2.0	2.0	2.0	2	2	0	0	1	1	0	2	635-3.png
2.0	0.0	2.0	0.0	2.0	2.0	2.0	2	2	1	0	1	1	0	2	635-4.png
0.0	0.0	2.0	0.0	2.0	2.0	2.0	0	2	1	0	1	1	0	2	635-5.png
0.0	0.0	1.0	0.0	2.0	2.0	2.0	0	1	1	0	1	1	0	2	635-6.png
0.0	0.0	2.0	0.0	2.0	1.0	2.0	0	1	1	0	1	1	0	2	635-7.png
2.0	0.0	2.0	0.0	2.0	2.0	2.0	2	2	1	0	1	1	0	2	635-8.png
0.0	0.0	2.0	0.0	2.0	2.0	2.0	0	2	1	0	1	1	0	2	635-9.png
2.0	1.0	0.0	2.0	1.0	1.0	2.0	2	1	0	1	1	0	1	0	636-0.png
0.0	0.0	2.0	0.0	2.0	2.0	2.0	0	2	1	0	1	1	0	2	637-0.png
0.0	0.0	2.0	0.0	0.0	2.0	4.0	0	2	1	0	1	1	0	2	638-0.png
2.0	1.0	0.0	2.0	1.0	2.0	4.0	2	2	0	1	1	0	1	0	639-0.png
2.0	1.0	0.0	2.0	1.0	2.0	4.0	2	2	0	1	1	0	1	0	640-0.png
0.0	0.0	2.0	2.0	1.0	2.0	1.0	0	2	1	1	1	0	0	0	641-0.png
0.0	0.0	0.0	2.0	1.0	1.0	5.0	0	1	1	1	1	0	1	0	642-0.png
2.0	1.0	0.0	1.0	1.0	2.0	5.0	1	2	0	1	1	2	1	1	643-0.png
0.0	1.0	0.0	2.0	1.0	2.0	3.0	0	2	0	1	1	0	1	0	644-0.png
0.0	0.0	2.0	2.0	1.0	2.0	3.0	0	2	1	1	1	0	0	0	645-0.png
2.0	1.0	0.0	1.0	1.0	2.0	3.0	2	2	0	1	1	2	1	1	648-0.png
2.0	1.0	0.0	1.0	1.0	2.0	4.0	2	2	0	1	1	2	1	1	649-0.png
0.0	1.0	2.0	0.0	2.0	2.0	5.0	0	2	0	0	1	1	0	2	650-0.png
0.0	0.0	2.0	2.0	2.0	2.0	2.0	0	2	1	2	1	0	0	0	651-0.png
2.0	0.0	2.0	0.0	2.0	2.0	5.0	1	2	1	0	1	1	0	2	652-0.png
2.0	0.0	1.0	0.0	0.0	1.0	3.0	2	1	1	0	1	1	2	2	653-0.png
1.0	1.0	0.0	2.0	1.0	2.0	4.0	2	2	0	1	1	0	1	0	654-0.png
2.0	1.0	2.0	0.0	2.0	2.0	4.0	2	2	0	0	1	1	0	2	655-0.png
0.0	0.0	2.0	0.0	2.0	2.0	2.0	0	2	1	0	1	1	0	2	658-0.png
1.0	0.0	2.0	0.0	2.0	1.0	2.0	2	1	1	0	1	1	0	2	658-1.png
0.0	1.0	0.0	2.0	1.0	2.0	2.0	0	2	0	1	1	0	1	0	659-0.png
0.0	0.0	2.0	0.0	2.0	1.0	5.0	0	1	1	0	1	1	0	2	660-0.png
2.0	1.0	0.0	2.0	1.0	1.0	2.0	2	1	0	1	1	0	1	0	661-0.png
2.0	0.0	2.0	0.0	2.0	2.0	3.0	2	2	1	0	1	1	0	2	662-0.png
2.0	1.0	0.0	2.0	1.0	1.0	2.0	2	1	0	1	1	0	1	0	663-0.png
2.0	1.0	2.0	0.0	2.0	1.0	2.0	2	1	0	0	1	1	0	2	664-0.png
2.0	1.0	0.0	2.0	1.0	2.0	4.0	2	2	0	1	1	0	1	0	665-0.png
2.0	0.0	2.0	0.0	2.0	1.0	2.0	2	1	1	0	1	1	0	2	666-0.png
2.0	0.0	2.0	0.0	2.0	1.0	5.0	1	1	1	0	1	1	0	2	667-0.png
0.0	1.0	2.0	0.0	2.0	2.0	2.0	0	2	0	0	1	1	0	2	668-0.png
0.0	0.0	1.0	0.0	2.0	1.0	1.0	0	1	1	0	1	1	0	2	669-0.png
2.0	0.0	0.0	2.0	2.0	2.0	2.0	2	2	1	2	1	0	1	0	670-0.png
1.0	1.0	0.0	1.0	1.0	2.0	2.0	2	2	0	1	1	2	1	1	670-1.png
2.0	0.0	0.0	2.0	1.0	2.0	2.0	2	2	1	1	1	0	1	0	670-2.png
0.0	1.0	0.0	2.0	2.0	2.0	2.0	0	2	0	2	1	0	1	0	670-3.png
0.0	1.0	0.0	2.0	2.0	2.0	2.0	0	2	0	2	1	0	1	0	670-4.png
0.0	0.0	0.0	2.0	2.0	2.0	2.0	0	2	1	2	1	0	1	0	670-5.png
0.0	0.0	0.0	2.0	2.0	2.0	2.0	0	2	1	2	1	0	1	0	670-6.png
0.0	1.0	0.0	2.0	2.0	2.0	2.0	0	2	0	2	1	0	1	0	670-7.png
1.0	1.0	0.0	1.0	2.0	2.0	2.0	2	2	0	1	1	2	1	1	670-8.png
2.0	0.0	0.0	2.0	2.0	2.0	2.0	2	2	1	2	1	0	1	0	670-9.png
0.0	0.0	1.0	0.0	0.0	1.0	5.0	0	1	1	0	1	1	2	2	671-0.png
0.0	0.0	1.0	0.0	2.0	1.0	5.0	0	1	1	0	1	1	0	2	671-1.png
0.0	0.0	2.0	0.0	2.0	2.0	5.0	0	2	1	0	1	1	0	2	671-10.png
0.0	0.0	1.0	0.0	2.0	1.0	5.0	0	1	1	0	1	1	0	2	671-2.png
0.0	0.0	1.0	0.0	2.0	1.0	5.0	0	1	1	0	1	1	0	2	671-4.png
0.0	0.0	1.0	0.0	2.0	2.0	5.0	0	1	1	0	1	1	0	2	671-5.png
0.0	0.0	1.0	0.0	2.0	2.0	5.0	0	1	1	0	1	1	0	2	671-6.png
0.0	0.0	1.0	0.0	2.0	1.0	6.0	0	1	1	0	0	1	0	2	671-7.png
2.0	0.0	1.0	0.0	2.0	1.0	6.0	2	1	1	0	0	1	0	2	671-8.png
0.0	0.0	1.0	0.0	2.0	2.0	5.0	0	1	1	0	1	1	0	2	671-9.png
1.0	1.0	0.0	2.0	2.0	2.0	2.0	2	2	0	2	1	0	1	0	672-0.png
